test_data/Askervein/Askervein_large.elevation.asc
ncols        664
nrows        660
xllcorner    58400.000000000000
yllcorner    806000.000000000000
cellsize     50.000000000000
NODATA_value  -999
[rows 292 to 364 of 660, columns 384 to 479 of 664]
44 47 50 53 56 58 60 61 62 62 63 64 63 63 63 63 63 63 62 61 60 60 61 61 63 66 69 72 77 83 89 95 102 109 116 123 130 140 148 157 168 178 188 200 212 223 233 241 245 246 243 238 234 230 227 225 222 217 211 206 202 201 206 211 214 215 214 210 206 203 200 200 200 203 209 214 213 208 197 185 173 159 143 126 113 103 91 81 69 55 36 16 4 0 0 0
48 51 55 59 62 66 68 69 71 71 72 73 73 71 70 69 69 68 66 64 63 63 63 63 65 67 69 72 76 82 87 93 99 104 110 117 125 133 141 151 162 174 185 197 210 222 234 243 249 254 258 257 253 249 244 241 240 239 235 231 229 227 229 236 243 247 243 233 226 224 223 221 214 208 207 209 208 202 192 181 171 157 142 127 112 99 86 75 64 51 35 16 4 0 0 0
52 57 61 65 70 75 78 80 81 82 83 83 83 81 79 78 76 74 72 68 65 65 64 65 65 67 69 71 75 80 86 91 96 101 107 112 120 128 136 145 156 168 180 192 205 217 230 241 250 257 265 270 271 269 265 262 262 262 257 254 254 255 261 270 278 278 269 256 247 243 241 237 229 217 207 203 199 189 177 167 159 149 136 123 111 99 85 71 58 46 34 17 4 0 0 0
56 62 68 74 79 84 88 91 93 95 95 94 94 92 90 87 84 80 77 72 68 66 65 65 65 67 69 71 74 79 84 89 93 98 103 108 115 123 131 140 150 161 173 186 197 209 223 236 247 255 265 275 284 289 288 285 286 286 280 280 286 289 295 303 306 301 291 280 272 262 255 247 238 227 214 202 191 176 161 150 144 137 127 116 105 95 84 70 56 43 31 13 1 0 0 0
65 72 79 86 92 96 100 104 107 109 110 107 104 102 99 95 91 86 81 75 69 66 65 64 65 66 68 71 74 78 82 87 90 95 100 105 113 121 127 135 143 153 164 177 189 202 216 228 239 249 260 273 286 295 301 304 307 311 310 312 322 328 332 334 331 323 311 300 289 277 266 254 244 232 217 200 183 165 148 136 129 123 116 106 97 87 77 65 52 39 24 9 0 0 0 0
79 85 92 99 105 110 114 120 124 125 122 117 114 110 105 101 95 89 83 76 69 66 64 63 63 64 67 69 73 76 79 83 88 92 96 103 110 116 122 129 137 146 156 168 180 192 205 217 228 240 252 264 278 290 298 306 316 327 334 343 351 356 358 355 348 336 324 310 297 284 271 258 247 234 217 197 177 157 137 122 115 113 108 99 89 78 66 55 44 31 16 5 0 0 0 0
93 98 106 112 117 122 127 132 136 137 133 126 120 115 108 102 97 90 82 76 70 66 63 62 62 63 66 68 70 73 76 80 85 89 94 100 107 113 118 125 132 140 149 159 170 180 193 206 216 227 239 251 264 276 287 299 313 329 343 356 361 362 358 352 343 333 322 310 297 284 270 259 247 234 216 194 174 154 133 115 105 104 100 92 82 69 57 47 36 22 9 1 0 0 0 0
105 110 116 121 124 128 135 140 143 143 140 134 127 118 109 102 97 90 83 76 72 68 64 63 63 63 66 68 70 72 75 78 82 88 92 97 103 109 114 120 127 133 140 149 159 170 180 191 201 212 223 236 248 259 271 284 301 319 336 350 355 354 348 340 331 321 310 299 288 277 264 253 242 230 212 192 173 153 134 115 100 94 90 82 73 62 53 43 30 16 5 0 0 0 0 0
115 119 123 127 129 132 137 142 146 147 143 137 131 123 114 105 99 93 84 77 72 68 65 63 63 64 66 68 70 72 74 77 80 85 90 94 99 104 109 114 120 126 132 139 147 156 166 176 186 198 208 218 229 241 252 266 282 302 321 337 343 340 334 326 316 306 294 281 270 262 252 242 232 220 204 187 171 153 135 118 102 90 79 69 61 55 48 39 26 13 4 0 0 0 0 0
124 126 128 130 131 131 133 137 142 145 143 138 132 126 120 113 104 96 87 78 72 68 66 64 63 64 66 67 69 71 73 75 77 81 86 90 94 99 103 107 113 118 124 129 136 144 152 162 171 182 191 199 209 222 234 247 261 280 299 317 327 325 319 312 301 288 275 260 249 243 236 228 219 207 192 179 166 153 138 122 107 92 75 58 49 47 43 34 22 11 3 0 0 0 0 0
132 130 130 130 129 128 127 130 135 139 141 139 134 129 123 116 109 101 90 81 74 69 66 64 63 63 64 65 66 68 70 72 74 78 82 86 90 94 98 102 106 111 115 120 126 132 139 148 156 165 174 182 192 203 215 227 241 259 280 298 310 310 303 294 283 271 259 245 232 225 218 210 203 194 182 168 157 148 136 121 108 94 75 55 42 38 35 27 16 8 3 0 0 0 0 0
141 134 130 128 127 124 121 123 127 132 136 136 134 131 126 119 113 106 97 87 78 72 67 63 62 62 63 63 64 65 67 68 70 74 77 80 84 88 93 98 102 105 108 111 116 121 127 135 142 150 157 165 175 185 197 210 224 240 259 278 292 293 287 279 268 256 244 233 222 215 206 196 189 181 171 157 146 138 130 118 105 90 72 54 39 30 25 18 10 5 2 1 0 0 0 0
151 140 131 127 124 120 117 116 118 122 127 130 130 130 129 125 120 113 106 96 84 76 69 64 62 61 61 61 62 63 64 65 67 68 71 75 78 83 88 93 98 101 101 103 107 111 115 121 128 135 143 151 160 170 181 194 207 223 238 256 273 277 273 265 254 244 235 228 220 211 201 188 177 169 160 148 137 129 122 111 97 83 68 53 40 27 17 10 6 5 5 3 1 1 0 0
160 148 136 126 120 115 111 110 110 113 117 121 123 125 126 127 125 122 115 105 92 81 72 65 63 62 61 61 61 61 61 62 63 64 67 70 73 77 82 86 90 94 94 95 98 101 104 110 117 125 132 139 146 155 166 178 190 206 222 239 254 261 260 253 246 239 235 230 221 209 196 183 171 159 148 139 131 124 116 105 90 77 63 52 41 29 16 7 5 9 10 6 3 2 1 0
165 155 140 126 115 109 105 103 103 104 107 110 114 117 120 123 125 125 121 112 101 86 76 68 64 62 61 60 60 60 59 59 59 61 63 66 68 72 77 80 83 85 87 88 90 94 97 103 109 115 121 127 134 142 152 164 176 189 205 223 239 250 253 250 245 241 239 234 223 208 193 180 169 157 144 134 127 122 114 103 88 74 60 48 39 29 19 9 7 14 14 8 2 1 0 0
168 157 142 126 112 103 99 96 96 96 98 102 106 109 113 118 122 123 120 115 105 94 84 76 68 64 62 60 59 58 58 57 57 59 61 62 65 68 72 75 78 79 81 83 85 89 92 96 101 106 111 117 124 132 139 149 160 174 191 209 226 241 249 250 249 246 242 237 225 210 194 181 172 162 149 135 126 119 112 103 90 77 62 48 36 27 20 11 10 16 15 8 3 1 0 0
167 158 143 126 110 99 92 90 89 90 92 95 97 101 106 112 117 118 117 113 108 101 94 85 76 68 63 60 59 58 58 57 56 57 58 59 62 64 67 70 73 75 76 78 81 84 87 91 96 100 104 107 113 120 127 136 147 160 175 192 211 230 242 248 252 251 246 240 230 214 198 184 175 165 152 139 127 116 105 97 88 77 64 49 34 24 17 11 12 15 14 11 9 5 2 0
160 154 142 124 108 96 89 84 83 84 85 87 90 93 98 103 108 110 110 107 105 102 98 92 84 76 68 62 60 60 59 57 56 55 55 56 59 60 62 65 68 70 72 74 77 80 83 85 89 94 98 100 105 110 116 124 134 145 159 175 193 212 227 238 248 251 247 241 233 220 206 191 178 165 153 140 129 116 100 90 81 73 61 47 33 22 14 10 13 16 14 14 16 14 8 3
151 148 138 122 106 95 87 82 79 78 79 81 83 85 89 93 98 101 102 100 99 100 99 94 89 84 76 67 63 62 60 58 56 54 53 53 54 55 58 61 63 65 68 71 74 76 78 80 83 88 93 96 99 102 107 113 122 132 144 156 172 190 206 223 238 245 244 240 234 224 212 197 180 165 153 140 130 118 100 88 77 67 55 43 31 21 14 12 15 18 16 16 19 20 17 10
140 139 133 121 108 96 87 81 77 75 74 74 76 77 80 84 88 92 93 93 93 96 98 96 91 87 81 74 68 64 61 58 56 54 53 52 51 51 53 57 59 61 64 67 71 73 75 77 79 82 86 90 93 97 101 106 113 120 128 138 151 168 186 205 225 235 238 236 232 223 212 197 180 166 154 142 131 120 103 90 79 65 51 40 30 20 15 17 21 23 23 23 26 26 22 15
129 129 127 120 110 98 88 80 75 72 70 69 70 71 72 75 79 82 84 85 87 90 93 92 90 85 81 77 71 66 62 58 56 54 52 51 50 49 50 51 53 55 59 64 67 70 71 73 74 74 77 83 89 93 96 99 105 110 117 124 134 147 163 184 207 222 230 232 228 221 212 197 181 167 156 144 132 119 104 92 81 66 52 41 31 23 21 27 30 32 35 37 37 34 30 22
120 121 119 115 109 100 90 81 75 71 67 64 63 63 65 67 70 73 76 77 78 81 83 85 84 82 78 76 72 67 62 57 55 53 51 50 49 49 49 49 50 52 55 60 63 66 67 68 69 68 70 75 81 88 92 95 100 104 109 113 118 128 144 166 190 209 219 225 223 219 212 198 183 169 157 145 133 118 103 91 81 68 55 43 33 30 33 38 39 39 41 44 42 40 35 26
111 112 111 110 107 102 93 84 78 73 67 62 58 57 58 60 61 64 66 68 69 72 74 75 76 76 74 73 71 67 61 57 54 52 50 50 49 48 48 48 50 51 53 57 59 61 63 64 65 63 63 66 73 81 87 91 93 96 100 103 107 115 129 152 176 194 206 216 218 212 206 196 182 169 156 144 132 118 103 90 79 68 55 44 37 39 45 45 42 40 41 43 43 42 38 29
102 103 104 104 104 102 98 91 84 76 69 62 57 54 53 53 54 56 58 59 60 61 63 65 68 70 70 69 68 65 61 57 53 51 49 48 48 47 47 48 49 50 53 55 56 57 57 59 60 59 58 60 65 72 77 82 84 86 90 94 98 104 118 139 164 182 195 207 211 205 197 187 175 163 152 141 130 117 104 89 77 66 55 47 47 53 56 52 45 40 37 39 40 39 38 31
94 95 96 98 100 101 100 96 90 82 74 65 59 54 50 48 49 50 51 52 52 54 56 57 60 63 65 64 63 62 60 56 53 50 48 48 47 47 47 47 47 49 52 54 54 53 53 54 55 55 54 55 57 61 65 69 72 74 77 82 88 96 110 130 154 171 185 197 201 196 187 177 165 154 144 135 127 116 103 89 78 72 66 61 63 67 67 60 52 42 34 32 31 32 32 30
86 86 88 91 96 99 100 99 97 90 81 71 62 54 49 47 47 48 49 49 49 50 51 52 53 55 57 59 58 57 57 54 51 49 48 48 47 47 47 47 47 48 50 52 52 51 51 52 52 52 52 52 52 54 55 58 61 62 65 71 80 90 103 123 143 157 170 183 188 184 176 166 155 144 133 124 120 113 100 88 86 89 88 81 79 80 77 71 62 49 36 28 25 24 25 26
80 81 83 86 91 96 100 102 101 98 91 80 68 57 49 46 46 47 48 47 47 48 48 49 49 49 51 53 53 53 52 52 50 49 48 48 47 47 47 47 47 47 49 50 51 51 52 53 52 50 50 49 49 49 50 51 53 54 57 63 72 83 97 115 133 144 155 166 171 168 162 154 145 135 123 112 109 105 96 94 103 111 108 101 97 95 88 80 69 55 43 33 25 20 20 21
76 77 80 83 88 94 100 104 105 104 100 90 77 62 50 45 46 46 47 46 46 47 47 47 47 47 47 48 48 49 49 49 49 49 49 49 47 47 47 47 47 47 49 51 52 52 52 53 52 49 48 47 47 47 47 47 48 48 50 56 66 78 92 107 120 130 140 149 154 153 148 141 133 124 112 103 102 100 102 114 128 129 122 114 109 105 94 83 71 59 50 41 32 23 18 17
73 74 77 82 87 93 100 105 108 108 104 96 84 68 53 45 45 46 46 45 45 46 46 46 46 46 45 45 45 46 48 48 49 50 49 48 48 48 48 47 47 47 50 52 52 51 51 51 50 48 47 47 47 47 47 47 47 47 47 52 60 73 86 97 107 115 124 134 139 138 133 126 119 111 103 99 103 111 126 142 145 136 125 117 113 108 96 84 72 60 53 47 40 30 21 16
72 73 76 80 86 94 101 106 109 109 106 100 90 74 57 48 46 46 45 45 45 45 45 45 45 44 44 44 44 46 47 47 49 50 50 50 50 50 50 48 47 47 50 51 50 49 49 49 48 47 47 47 47 47 47 47 47 47 47 49 57 67 77 85 94 101 109 116 123 124 121 114 107 100 96 100 113 134 151 156 150 138 127 119 115 108 97 86 74 62 56 51 45 37 27 18
73 74 76 80 87 95 103 108 111 111 109 102 93 80 66 56 50 47 47 47 45 45 44 44 43 43 42 43 45 46 46 47 48 50 51 52 53 52 51 49 47 47 48 49 48 47 47 47 47 47 47 47 47 47 47 47 47 47 47 47 51 60 68 74 81 88 97 103 110 115 111 104 97 93 95 107 130 152 164 162 151 138 126 119 114 107 96 86 76 66 61 55 49 42 32 22
75 76 80 84 90 98 107 112 113 113 111 106 98 86 77 68 58 51 49 48 47 45 44 43 43 42 41 42 44 45 46 47 48 49 51 53 54 53 52 49 47 47 47 47 47 47 47 47 47 47 47 47 47 47 48 49 48 47 47 47 47 52 59 66 72 80 88 96 103 106 102 95 90 90 100 121 144 160 166 161 150 136 124 116 111 103 92 84 77 70 65 61 55 47 38 29
77 81 86 90 95 101 108 114 115 114 112 109 104 95 84 75 67 59 53 50 47 46 45 44 43 42 41 41 41 43 45 46 47 49 51 53 55 54 52 49 47 47 47 47 47 47 47 47 47 47 47 47 47 47 49 51 51 49 47 47 47 48 52 59 64 70 79 91 98 99 94 88 86 92 108 131 149 160 162 158 148 134 121 112 108 100 89 82 78 74 71 68 61 53 42 33
79 85 90 94 98 104 109 114 115 116 114 111 106 101 92 83 74 66 58 51 48 46 46 45 44 42 41 41 40 42 43 45 46 48 51 53 55 55 53 50 48 47 47 47 47 47 47 47 47 47 47 48 48 48 50 52 52 50 48 47 47 47 49 53 56 61 71 82 89 91 87 83 83 93 115 134 148 157 157 153 145 132 119 111 106 100 91 85 83 80 76 72 66 57 46 36
79 85 90 95 101 105 109 112 114 115 115 112 107 103 98 90 81 72 64 55 49 47 46 46 44 42 41 39 40 41 42 43 45 47 49 52 54 55 54 51 48 47 47 47 47 47 47 47 47 47 47 48 51 52 53 55 55 53 52 51 50 50 51 54 55 57 64 71 77 81 81 79 81 94 117 135 146 151 152 149 141 130 119 112 107 102 98 93 89 86 80 74 66 59 50 39
79 84 89 95 101 105 108 110 111 112 113 111 108 103 98 92 84 76 68 61 54 48 46 45 43 41 40 39 40 42 42 42 44 46 48 50 53 54 55 53 50 49 48 47 47 47 47 47 47 47 47 49 55 59 60 62 62 60 59 61 60 58 60 64 66 64 65 68 70 73 74 74 79 94 115 132 141 146 148 147 142 132 122 115 111 108 107 103 97 91 84 75 66 59 51 43
77 81 86 92 98 102 105 106 107 107 107 107 104 100 95 90 84 78 71 65 59 51 45 43 40 39 38 38 40 42 43 43 43 44 46 49 51 52 54 54 53 51 49 48 47 47 47 47 47 47 48 51 60 67 70 72 73 71 71 73 74 73 75 81 82 79 76 75 71 70 70 71 79 95 113 127 135 139 144 148 146 138 128 119 114 113 112 109 104 99 91 79 67 58 51 46
72 76 82 88 92 96 100 102 102 101 99 98 96 94 91 88 83 78 71 65 59 52 44 39 37 36 36 36 39 42 44 45 45 44 45 46 47 49 51 52 52 50 49 48 48 48 47 47 47 49 51 58 68 76 82 84 87 88 89 91 95 96 94 96 95 89 83 78 74 72 70 71 79 93 107 120 127 133 140 146 146 141 132 122 117 114 113 112 110 106 98 85 71 59 54 49
68 71 75 80 84 87 91 95 96 94 91 89 88 86 84 82 80 75 69 62 55 47 39 34 33 33 33 35 38 41 44 46 46 46 46 45 44 45 46 48 48 47 47 47 48 48 48 47 49 53 58 66 76 84 93 100 104 106 110 114 119 122 116 109 102 93 82 74 70 70 70 73 81 90 101 113 122 128 135 140 141 138 130 122 118 115 113 113 113 111 104 94 82 69 61 56
62 64 67 70 73 77 80 84 86 86 83 81 80 78 76 75 72 69 64 57 49 41 33 29 28 29 31 34 38 41 42 44 45 47 46 44 42 41 42 43 44 43 43 44 45 47 48 49 52 58 65 73 83 91 101 111 119 123 132 140 140 138 132 120 107 96 82 73 70 72 78 85 91 94 101 109 118 122 127 131 133 131 125 120 117 114 112 111 113 113 110 106 98 85 72 64
53 56 59 60 62 65 68 71 74 75 74 73 73 72 69 66 63 59 54 49 42 35 30 26 26 26 29 32 36 39 40 42 44 45 45 43 41 40 40 41 41 40 41 42 43 45 48 51 55 61 69 79 90 99 108 120 132 142 153 160 152 143 139 130 116 102 86 77 79 87 98 106 108 108 109 111 114 116 119 120 122 122 118 113 112 111 109 108 110 114 118 117 109 96 83 74
44 48 52 54 54 55 56 59 61 63 65 65 65 64 62 59 55 50 46 40 34 30 28 27 25 25 27 29 34 37 39 41 43 43 43 42 40 39 39 39 39 39 39 40 42 45 49 52 57 63 72 82 93 103 114 126 142 157 168 169 159 148 144 138 125 109 94 89 97 110 122 128 129 128 126 121 117 113 110 108 109 112 109 103 103 105 104 106 108 113 119 120 115 105 93 84
35 40 45 48 47 45 45 48 49 52 54 56 57 56 54 51 47 42 38 33 28 26 26 26 25 25 27 30 34 36 38 40 41 41 41 41 40 39 38 38 39 39 39 39 41 45 49 52 57 64 73 83 94 104 115 129 147 164 174 172 162 154 148 142 130 116 107 109 119 132 142 146 145 143 140 133 125 117 108 101 99 98 96 91 93 97 101 105 108 111 116 119 117 109 99 90
28 32 37 41 40 38 38 39 39 42 45 48 49 49 47 44 40 36 32 28 26 25 24 24 25 26 29 33 36 36 37 38 40 40 40 40 40 40 39 39 39 39 39 39 40 44 48 51 55 63 72 81 92 103 115 129 148 165 173 171 162 155 151 145 135 127 127 136 147 156 163 165 159 154 148 139 129 120 110 100 94 90 84 80 83 90 97 103 108 111 114 116 114 109 100 91
24 26 29 32 33 33 33 32 32 34 36 39 41 42 40 37 34 31 28 24 23 23 23 25 27 29 31 35 37 37 37 38 38 39 39 40 41 41 41 40 40 40 40 40 40 43 46 50 54 62 71 79 88 99 112 126 143 160 169 169 162 156 153 149 143 140 149 166 178 185 187 186 178 166 156 147 136 124 112 102 97 92 84 76 76 80 88 96 104 109 111 112 108 104 99 90
21 22 23 25 26 29 30 29 29 28 30 32 34 35 34 32 28 26 23 22 21 22 23 26 30 33 35 37 38 39 39 39 39 39 39 40 41 42 42 41 42 42 41 41 40 42 45 49 53 59 68 76 84 94 106 120 135 150 162 165 161 159 158 159 156 157 171 190 201 206 204 196 185 173 163 153 143 132 120 109 104 101 91 80 75 73 77 85 96 101 103 105 102 98 95 90
19 20 21 21 22 25 27 28 26 25 25 26 27 28 28 27 24 22 21 21 23 25 27 30 33 36 38 40 40 40 40 41 41 41 41 41 42 42 42 43 44 44 43 42 41 41 43 46 50 57 65 72 80 89 100 113 126 141 154 160 161 164 169 174 175 178 194 209 216 215 207 196 183 173 164 154 145 137 128 118 110 104 96 87 81 75 71 73 82 90 93 97 97 93 91 88
18 18 19 19 20 22 24 25 25 24 22 22 22 23 23 23 21 21 22 24 26 29 31 33 35 38 40 41 42 42 42 43 43 44 44 43 43 43 43 44 46 47 47 46 44 41 42 44 48 53 60 67 74 82 93 106 119 133 145 155 162 170 178 186 193 204 218 225 223 216 205 194 183 173 164 156 150 144 137 124 112 103 95 89 85 78 71 68 70 75 79 85 89 89 87 86
18 17 17 18 19 19 20 23 24 24 22 20 19 20 19 19 19 21 24 27 30 31 33 34 36 38 40 41 42 43 43 44 45 46 46 46 46 45 45 46 48 49 50 50 47 44 44 45 46 50 54 61 68 76 87 99 112 125 139 152 164 174 184 198 215 229 234 232 225 216 206 196 187 177 169 163 157 151 142 130 115 103 93 87 83 78 75 70 66 66 69 75 81 84 85 85
17 17 17 17 18 18 19 21 23 23 21 19 18 17 16 16 17 21 25 28 31 32 33 34 36 38 39 40 42 43 44 44 45 46 47 48 48 48 49 49 49 49 50 51 50 48 46 46 46 47 51 56 63 72 82 94 107 122 137 152 165 176 189 207 228 240 241 237 231 223 215 204 193 182 175 169 164 156 146 135 121 108 95 86 82 81 81 80 75 70 66 66 70 75 80 83
15 15 16 17 17 18 18 19 21 21 20 19 17 15 14 14 16 20 24 28 30 32 33 34 37 38 39 40 41 42 44 44 44 45 47 48 49 49 50 50 49 48 49 49 49 48 46 46 45 46 48 54 60 69 79 90 105 122 138 152 165 177 195 215 236 247 251 249 242 233 225 213 201 191 183 177 172 163 154 145 134 120 103 91 87 89 93 95 90 83 73 64 62 65 71 77
13 14 15 16 17 17 17 18 18 19 19 17 15 14 13 14 16 20 22 25 28 30 32 34 37 38 39 40 41 42 43 43 43 43 46 47 48 49 49 50 48 47 47 47 47 45 44 44 45 44 47 53 60 68 77 89 105 123 139 152 164 177 197 220 239 253 261 260 251 242 234 223 212 201 192 186 180 173 167 160 149 132 113 101 100 105 110 112 106 97 84 73 66 61 61 66
11 12 13 15 17 17 17 17 16 16 16 15 13 11 12 14 17 19 20 23 26 28 30 34 37 39 39 40 41 42 43 43 42 42 44 46 47 48 48 48 48 46 45 44 44 42 41 41 43 43 45 51 60 69 79 91 108 124 139 152 161 174 195 219 240 256 266 267 260 252 243 232 221 209 202 199 193 182 178 172 157 140 125 116 115 120 124 124 116 105 94 82 74 64 57 56
9 10 11 13 16 16 17 16 14 13 13 13 12 10 11 14 16 17 18 21 23 26 29 33 37 39 39 40 40 41 41 41 40 40 42 44 46 46 46 46 46 44 43 42 41 40 38 38 39 40 43 49 59 70 81 94 110 125 140 151 159 172 194 218 239 255 266 269 264 257 250 240 230 224 221 219 211 195 184 175 162 146 135 128 127 129 130 128 121 110 98 85 76 69 61 54
7 8 10 12 15 16 16 15 13 11 10 11 11 11 11 13 14 15 16 17 20 24 28 32 35 38 38 38 38 39 39 38 37 37 39 41 42 43 43 43 43 43 41 40 39 38 36 34 34 37 43 51 60 71 84 97 111 127 141 150 156 169 193 217 238 254 264 268 267 263 259 252 246 245 244 237 225 206 188 176 169 158 146 139 137 136 133 129 122 112 99 84 74 68 63 57
6 7 8 11 14 16 15 14 12 10 9 9 10 11 11 12 12 14 14 15 18 22 27 30 32 33 34 35 37 37 36 35 35 34 35 37 38 38 38 39 40 41 39 38 38 36 33 31 31 35 43 53 63 72 85 97 111 126 140 149 156 169 192 216 237 252 262 267 270 271 269 266 264 264 262 253 238 218 198 184 177 170 159 148 143 139 134 129 123 111 96 83 72 65 63 60
6 7 8 9 12 13 13 12 11 10 9 9 9 9 10 11 13 14 15 16 18 20 24 27 28 29 29 31 33 34 34 33 32 32 33 34 34 34 35 36 38 38 36 35 34 32 30 29 31 36 45 55 64 74 86 97 109 123 136 146 155 169 192 215 233 248 259 266 273 278 281 281 281 282 278 271 259 241 222 206 194 183 170 156 148 143 137 129 122 110 96 83 73 65 62 61
6 8 9 9 9 10 10 11 11 9 8 7 8 8 10 12 13 15 16 17 18 19 21 23 24 25 25 26 27 29 30 31 31 29 29 29 30 30 32 33 34 34 32 31 30 29 29 30 33 38 46 55 64 74 84 95 107 119 132 142 153 168 190 211 228 242 253 261 270 281 287 292 297 299 295 291 281 265 248 229 212 198 185 171 158 150 141 131 120 110 99 88 78 68 62 61
5 7 9 9 8 7 8 10 9 8 7 6 7 9 11 12 12 13 15 16 17 18 18 20 21 21 21 21 21 24 27 28 28 26 25 25 26 27 28 28 28 28 27 27 28 29 31 33 35 41 48 55 64 74 83 94 105 116 129 140 150 164 185 204 220 234 246 255 266 280 290 301 310 314 314 307 297 282 266 248 230 212 198 184 168 154 141 130 120 111 102 94 85 72 63 60
6 5 7 8 7 6 6 7 7 6 5 5 7 9 10 11 11 12 13 14 15 16 17 17 18 19 19 19 18 20 23 25 24 23 21 20 20 22 23 24 24 24 24 26 29 31 33 36 39 44 50 57 66 75 85 95 105 115 127 138 148 161 178 195 211 226 238 249 263 280 294 306 317 326 329 320 308 296 279 261 242 223 205 190 175 157 141 131 122 113 104 97 88 74 63 60
8 6 5 6 5 5 4 5 4 4 4 5 6 8 9 10 10 11 12 12 13 14 16 16 16 17 17 17 15 16 19 20 19 19 17 17 18 21 23 24 25 25 25 28 31 34 36 39 43 47 52 59 68 78 88 98 108 116 126 137 146 157 172 188 204 218 231 243 259 277 295 310 325 337 339 329 314 302 285 267 249 231 213 196 181 164 146 133 125 117 108 100 91 79 68 63
10 8 6 6 4 3 3 3 3 3 4 4 4 6 8 9 10 10 10 11 12 13 14 14 14 15 15 14 13 12 13 14 14 14 15 18 21 23 25 26 27 28 29 30 33 35 39 42 45 48 52 59 69 79 90 100 110 119 129 139 146 154 166 181 196 211 225 239 256 276 297 317 334 343 343 333 316 300 285 269 252 236 221 203 186 172 157 141 129 121 112 105 97 88 76 66
11 9 8 6 4 3 2 2 3 3 4 3 4 5 7 9 9 9 10 10 11 11 12 12 12 13 13 12 11 9 9 10 11 13 16 19 22 25 27 28 29 30 32 33 34 37 40 43 47 49 53 59 69 80 90 101 111 121 132 143 150 155 165 179 193 207 221 235 253 275 298 320 337 343 340 329 313 296 280 265 252 238 225 210 194 181 167 152 136 126 118 112 106 96 82 67
11 10 9 7 4 3 2 2 2 3 4 3 4 5 7 9 9 9 9 9 9 9 10 10 10 9 10 9 9 9 9 10 11 13 17 21 24 27 29 30 31 32 34 34 36 38 40 43 47 50 54 61 70 79 90 101 111 122 135 145 154 161 170 183 194 205 218 233 249 270 294 315 331 335 330 319 303 286 269 256 245 236 225 214 202 189 176 163 149 136 127 121 113 101 85 68
10 10 9 7 5 4 3 2 2 2 3 3 4 5 7 9 9 9 9 8 8 8 9 9 8 8 7 8 8 8 9 10 12 15 19 22 25 28 31 33 34 36 36 37 38 40 41 43 46 50 55 62 70 79 90 101 111 122 134 146 156 167 179 191 200 209 220 232 245 263 284 303 316 320 315 305 290 272 256 244 236 231 223 215 206 194 182 172 161 150 138 128 117 104 88 72
8 9 8 7 5 4 3 3 2 2 2 2 3 5 7 8 8 8 8 8 8 8 7 7 7 7 7 7 8 7 9 11 14 19 23 26 28 30 32 34 36 38 39 40 41 41 41 42 44 48 53 60 69 79 89 100 109 120 132 146 160 174 187 198 208 218 228 236 245 257 273 288 298 302 299 291 275 258 243 232 227 224 219 212 204 195 187 179 170 160 148 133 120 105 91 78
8 7 7 6 5 3 3 3 2 2 2 2 2 3 5 6 7 7 7 6 6 6 6 6 6 6 7 7 8 8 10 13 18 24 28 30 30 31 33 35 37 39 40 41 41 40 41 41 42 44 49 56 66 76 85 96 106 116 128 142 158 173 188 201 214 225 233 240 247 255 267 277 284 286 283 274 261 245 231 222 218 215 211 205 198 191 186 180 171 161 149 135 119 105 93 85
7 7 6 5 5 3 3 3 3 2 2 2 2 3 4 5 5 5 4 4 5 5 5 5 6 6 6 7 9 10 12 16 20 25 29 32 33 34 35 36 37 39 40 41 41 40 40 41 41 42 45 51 60 70 79 89 99 111 122 135 149 166 182 198 213 225 233 240 247 254 264 272 277 277 271 260 247 234 222 214 208 203 198 192 185 178 175 170 164 154 143 130 117 105 95 87
8 7 7 6 4 3 3 2 2 2 2 2 2 3 4 4 4 3 3 3 3 4 5 5 6 6 7 9 11 13 15 19 22 25 28 32 36 38 38 37 37 38 40 41 40 40 40 40 40 41 42 46 54 63 72 82 92 104 115 126 139 156 172 187 203 219 229 236 243 252 263 272 277 275 267 254 241 227 215 206 197 188 181 174 167 160 157 154 149 141 132 122 113 104 93 85
7 6 6 5 4 3 2 2 2 2 2 2 2 2 3 3 3 3 3 3 4 5 6 7 7 7 9 11 14 16 19 22 24 26 29 33 37 39 38 37 37 37 39 39 38 39 40 41 41 41 41 45 50 57 65 74 85 95 105 116 127 142 157 171 188 206 220 229 235 243 255 268 274 272 264 253 239 224 212 200 186 176 167 158 149 141 136 134 130 124 118 112 106 97 87 80
6 5 5 4 3 2 2 2 2 2 2 2 2 2 2 3 3 3 3 4 5 7 8 9 10 10 10 12 15 18 20 23 25 26 29 32 35 36 36 35 34 35 37 37 37 38 39 39 40 40 42 45 49 54 60 68 77 84 91 101 113 126 140 156 174 190 205 216 224 231 242 257 265 266 261 250 236 223 211 198 183 169 158 146 135 125 118 115 113 108 104 99 93 86 78 71
5 4 4 3 2 2 2 2 2 2 2 2 2 2 2 2 3 3 3 4 5 8 11 12 13 12 12 13 14 17 19 21 24 26 27 29 31 32 32 33 33 33 35 36 38 39 38 38 39 40 42 45 48 52 57 63 68 72 79 89 102 113 127 141 158 174 188 203 215 222 230 241 252 258 257 248 236 224 212 199 185 171 158 145 132 120 110 106 103 98 92 88 81 73 67 60
4 3 2 3 3 4 4 4 3 2 2 3 3 3 3 3 3 3 4 4 6 9 12 13 14 13 13 13 13 15 16 19 22 25 26 27 28 29 31 32 33 34 35 37 39 39 38 38 39 41 42 45 48 50 53 57 61 65 72 83 94 104 115 129 140 153 168 186 202 212 217 225 239 250 255 251 243 231 219 204 189 177 165 152 142 131 120 114 106 97 88 83 76 68 60 53
