test_data/Askervein/Askervein_large.elevation.asc
ncols        664
nrows        660
xllcorner    58400.000000000000
yllcorner    806000.000000000000
cellsize     50.000000000000
NODATA_value  -999
[rows 73 to 145 of 660, columns 480 to 575 of 664]
273 276 280 286 293 303 316 340 371 398 418 429 432 423 411 397 379 356 333 312 289 269 257 249 245 249 261 280 306 331 350 363 371 371 363 350 332 311 288 269 255 243 231 216 198 177 158 146 134 123 114 108 104 100 94 87 79 69 62 57 50 41 32 23 15 11 14 18 22 25 28 31 36 42 49 57 70 81 90 94 95 100 106 112 118 121 121 121 116 108 95 81 65 49 38 26
283 287 289 293 299 306 319 346 379 404 427 444 451 445 431 416 397 376 355 334 313 297 287 277 267 265 272 289 312 336 354 368 374 372 363 349 331 309 288 268 251 236 223 210 193 173 155 144 131 120 111 105 100 95 89 82 75 66 59 52 46 40 32 23 15 12 15 19 22 26 29 33 38 44 50 59 70 80 90 96 100 106 111 115 119 123 124 123 117 109 98 84 70 56 45 31
290 296 300 303 306 313 329 356 384 410 436 459 469 468 456 439 423 405 387 364 341 325 316 305 291 285 288 300 319 341 358 372 377 375 365 349 330 308 285 265 247 231 217 203 186 168 153 142 130 117 107 101 95 89 85 79 72 64 57 50 44 37 30 22 15 14 16 19 22 25 28 33 39 45 51 59 68 78 88 97 103 108 110 110 114 119 123 122 116 110 102 87 72 61 51 39
298 304 311 315 316 324 345 367 390 418 446 470 484 487 478 462 447 431 413 392 369 350 338 327 314 308 307 312 326 345 363 376 382 382 373 355 335 313 288 265 246 230 216 201 183 165 150 140 130 115 103 95 90 85 81 77 70 62 54 47 41 35 29 21 16 17 19 22 25 26 29 33 39 44 49 56 64 74 86 96 101 102 100 98 100 105 110 114 113 111 106 93 78 69 60 47
306 312 320 328 332 342 359 379 403 432 460 483 496 498 488 475 459 443 428 412 394 374 359 346 334 329 327 329 338 353 369 381 389 390 380 361 339 316 293 269 246 231 218 203 184 166 150 139 128 114 101 92 88 83 78 73 67 59 52 45 39 34 27 22 20 21 23 26 29 30 32 36 40 43 47 53 61 72 84 92 92 89 86 81 82 89 95 98 103 105 104 97 86 76 64 45
317 323 331 342 352 363 379 397 424 455 485 504 510 506 496 482 467 452 439 425 411 394 378 364 352 347 346 347 353 363 374 386 393 392 379 360 340 317 296 272 249 232 217 202 185 168 152 137 125 111 100 92 87 83 78 72 65 57 50 44 38 32 28 26 25 26 27 30 32 34 35 38 41 43 47 52 59 68 77 81 79 73 69 64 63 68 75 80 88 95 98 97 90 78 62 38
330 335 344 359 372 385 402 420 450 482 511 525 523 515 504 490 474 460 447 434 423 409 395 384 373 363 360 361 366 373 382 393 397 392 377 357 337 317 297 276 254 236 219 201 184 170 154 136 122 108 98 92 88 83 78 72 65 58 52 47 40 34 30 30 30 31 32 32 34 36 37 40 42 44 47 51 56 63 68 69 66 59 53 50 49 52 58 66 76 83 88 88 84 73 54 33
346 351 361 377 391 406 422 444 478 511 532 540 537 527 514 499 484 467 454 444 432 421 409 400 390 380 375 375 380 385 393 400 401 392 374 355 339 321 302 283 262 243 225 205 188 172 154 137 123 108 97 92 88 83 77 70 64 58 54 48 42 37 34 33 34 35 36 35 36 37 39 41 43 45 48 51 55 59 61 60 56 52 48 46 44 44 49 57 67 70 69 69 71 64 45 26
365 370 382 398 412 427 445 471 503 531 547 552 548 540 526 511 495 479 464 454 443 432 422 412 406 398 393 392 396 401 406 409 405 393 373 355 341 324 307 289 267 247 229 210 194 176 156 139 124 110 98 90 86 81 75 68 63 58 52 48 44 41 39 37 38 39 39 39 39 40 41 43 45 48 51 53 56 58 59 57 53 49 46 42 38 38 44 52 58 56 45 43 48 43 27 12
386 393 406 423 437 449 467 492 518 540 552 555 553 548 538 524 506 490 476 466 456 447 437 427 421 416 412 410 413 414 414 411 403 390 372 354 339 324 306 288 267 247 229 213 197 179 159 141 124 109 97 88 82 77 72 67 61 56 51 48 46 45 44 42 41 41 43 44 45 44 44 45 49 53 56 58 59 59 59 56 53 49 45 41 38 34 37 43 46 41 34 33 31 29 18 4
412 421 432 446 459 471 488 508 526 540 546 548 550 549 544 535 521 505 493 482 471 463 454 443 438 433 431 426 423 419 413 406 395 382 364 347 333 318 299 280 261 243 227 214 199 180 161 142 124 109 95 85 79 74 68 64 59 54 50 48 47 47 47 45 44 44 45 47 49 49 48 50 55 58 61 63 64 63 62 60 57 53 48 44 39 33 29 31 31 24 19 19 17 20 13 2
439 448 455 467 482 496 511 521 529 533 535 536 538 540 539 537 530 520 509 499 488 477 469 459 451 444 439 432 426 417 408 396 383 369 351 334 321 308 290 272 253 236 223 211 196 178 159 141 124 108 93 83 76 70 66 62 57 53 50 48 48 48 48 48 47 47 48 50 52 54 54 57 60 65 69 72 73 72 70 67 64 61 56 48 40 30 23 21 19 12 6 2 1 4 3 0
463 472 483 494 509 524 533 534 531 525 519 517 520 523 526 527 524 521 517 511 503 489 479 468 458 451 442 433 424 413 400 386 370 356 339 322 310 299 282 263 243 228 216 203 187 170 153 137 121 105 91 82 74 68 64 59 55 52 49 48 48 48 49 49 49 50 51 52 54 56 59 63 68 74 80 84 86 87 84 81 79 77 71 59 44 28 17 12 10 6 2 0 0 0 0 0
488 500 513 522 535 549 552 547 535 517 502 497 499 503 508 510 509 509 510 509 504 492 480 470 459 451 442 431 419 406 391 375 357 341 324 307 294 282 268 251 233 220 208 194 177 158 143 130 117 103 90 80 73 67 62 57 54 51 48 46 45 46 48 49 50 51 52 53 57 60 64 71 77 85 92 100 106 112 110 103 99 94 84 71 55 33 16 7 5 3 1 0 0 0 0 0
519 528 538 551 561 567 562 551 535 513 491 478 474 478 485 490 493 494 495 495 489 480 471 462 454 446 436 424 411 397 380 360 342 324 307 292 280 268 254 239 222 209 198 185 169 149 133 122 112 101 89 79 71 66 59 54 51 48 45 43 43 44 47 49 49 51 52 55 59 64 69 78 87 98 111 122 131 139 135 125 117 111 99 82 65 43 21 5 1 1 0 0 0 0 0 0
552 559 566 574 576 571 562 549 533 513 488 467 455 455 461 468 472 473 474 473 468 463 456 449 443 435 424 412 399 385 369 349 329 311 295 280 266 251 237 223 210 199 189 175 158 139 123 112 106 99 88 76 68 62 55 50 47 44 42 41 41 43 45 46 48 51 53 56 61 68 76 87 99 114 128 140 151 158 155 145 129 117 104 87 70 50 28 8 1 0 0 0 0 0 0 0
564 575 583 585 578 568 559 546 529 510 486 464 446 437 439 443 444 446 447 447 442 439 435 429 425 419 410 400 386 372 356 338 319 300 282 268 254 239 224 212 200 189 178 162 146 131 116 105 99 93 83 72 63 57 51 47 43 41 39 38 38 40 42 44 47 50 54 58 65 72 81 93 106 124 141 153 163 166 161 150 133 118 102 86 70 52 29 8 1 0 0 0 0 0 0 0
555 569 579 580 572 561 552 540 524 505 482 460 439 422 418 418 417 419 418 416 413 409 407 406 406 402 396 388 375 360 343 326 307 289 273 257 244 227 213 201 187 176 166 151 136 122 109 99 91 84 77 68 60 53 47 42 39 37 36 36 37 38 40 42 44 48 54 58 64 73 81 93 108 125 142 154 164 167 162 149 131 113 95 79 64 47 27 7 0 0 0 0 0 0 0 0
533 548 559 563 559 550 540 529 514 497 476 455 430 408 398 394 391 389 387 386 385 383 380 381 382 383 381 376 366 351 334 317 299 282 264 247 232 216 202 190 176 165 156 142 127 113 102 93 85 79 71 63 56 49 44 39 36 35 34 34 35 36 38 39 42 46 51 55 60 68 77 87 101 118 133 146 156 161 158 146 127 105 84 67 53 38 23 8 1 0 0 0 0 0 0 0
509 524 536 541 541 534 525 516 502 486 467 446 421 396 383 375 368 363 361 360 360 356 354 357 362 366 368 366 359 346 328 311 293 275 258 240 224 209 195 181 166 154 144 133 120 107 97 88 80 74 66 58 51 45 41 37 34 33 32 31 32 34 35 36 37 41 45 48 53 61 69 78 91 105 118 132 142 150 151 140 118 93 69 51 38 29 20 13 5 1 0 0 0 0 0 0
486 500 509 515 517 515 508 499 488 473 456 435 412 387 373 363 353 345 340 338 339 337 336 340 345 350 352 354 352 342 326 308 290 271 255 237 219 203 189 175 160 148 138 127 114 103 94 84 75 68 61 54 49 43 40 36 32 31 31 29 30 32 33 33 34 37 40 44 48 54 59 67 77 88 101 116 128 136 140 133 109 81 57 40 31 25 19 15 9 3 0 0 0 0 0 0
458 473 483 491 494 493 489 481 471 458 443 424 401 378 364 353 341 333 327 324 324 324 325 327 329 332 335 339 342 338 325 307 288 268 250 234 216 198 184 171 158 146 134 122 111 99 91 82 74 65 56 51 46 42 38 34 31 30 30 28 29 30 31 32 33 35 38 41 44 48 53 60 67 75 85 97 109 118 123 120 102 73 47 33 28 24 18 13 8 4 2 2 1 0 0 0
428 442 456 464 470 472 469 464 455 443 428 410 388 368 354 343 332 323 318 315 314 315 317 317 317 317 319 323 328 329 322 307 288 268 248 232 214 195 180 168 156 144 132 120 110 99 90 82 74 64 55 49 45 40 36 32 30 29 29 28 29 31 32 33 34 36 38 41 43 46 50 56 61 68 76 86 96 104 108 106 96 71 43 29 25 22 16 10 6 4 3 3 2 0 0 0
399 412 428 438 447 453 451 444 437 426 413 396 379 362 347 335 324 316 310 308 307 307 309 308 306 304 305 307 312 316 314 305 290 270 249 231 213 196 180 168 156 145 133 120 110 99 89 82 73 64 55 49 44 38 34 31 29 28 28 29 30 32 33 34 35 37 40 43 44 46 49 54 58 64 71 79 86 91 93 92 85 70 44 26 19 16 11 6 3 2 3 3 1 0 0 0
372 383 397 412 424 432 432 426 420 412 400 386 373 358 344 332 322 313 305 301 298 297 297 298 295 293 293 295 298 301 302 298 289 272 248 229 213 197 181 169 158 147 135 122 109 98 89 81 73 65 57 50 44 39 34 31 29 27 27 29 31 33 34 35 37 39 43 45 46 46 49 53 57 62 68 74 81 85 86 83 76 65 47 28 16 11 7 4 1 1 1 1 0 0 0 0
351 361 373 388 403 414 417 412 406 399 390 379 369 356 345 335 322 310 300 292 289 286 285 286 284 281 281 283 284 285 288 288 282 268 247 226 210 194 180 169 159 149 137 124 110 100 91 83 76 69 62 55 47 42 36 31 28 26 27 29 32 34 36 37 39 43 46 47 47 47 48 51 56 61 67 73 79 83 84 80 71 60 46 31 18 9 4 2 1 1 0 0 0 0 0 0
328 341 355 369 384 396 403 399 392 386 379 373 365 355 345 336 323 307 293 284 279 274 272 272 270 267 267 271 271 271 273 276 272 260 243 224 208 194 181 169 159 150 139 125 113 104 94 85 78 73 67 60 52 46 38 31 26 24 25 29 33 36 38 40 42 47 49 49 49 48 48 50 55 61 67 73 78 81 83 81 71 58 46 34 22 10 4 2 2 2 1 0 0 0 0 0
310 321 332 347 363 376 385 385 379 373 369 365 358 350 341 334 322 305 289 277 269 261 258 256 255 254 254 256 255 255 258 263 263 255 241 225 209 195 181 169 159 151 140 126 115 106 95 84 76 70 63 56 49 43 37 29 23 21 23 28 34 38 41 43 46 50 52 53 51 49 49 50 54 60 66 71 76 79 81 79 70 59 47 34 23 13 6 4 3 2 1 0 0 0 0 0
295 304 314 326 340 353 364 368 364 362 358 354 347 341 335 328 317 302 285 270 258 249 244 241 239 238 239 241 239 239 244 250 253 251 242 227 211 195 182 168 159 152 141 127 117 107 96 84 72 62 55 48 39 33 27 22 19 18 21 27 33 38 42 46 49 53 55 56 55 52 51 50 53 58 64 70 74 77 77 75 71 63 52 37 24 16 11 6 3 2 0 0 0 0 0 0
280 288 297 307 317 327 337 343 344 346 344 341 337 331 325 318 308 295 281 266 249 236 230 226 222 221 223 224 221 223 229 236 242 244 240 229 213 195 182 170 160 151 141 129 118 108 96 83 69 55 44 36 27 22 18 16 14 16 20 26 31 36 42 47 51 54 58 59 58 54 51 50 52 56 61 67 72 75 75 75 73 68 61 50 34 20 11 6 4 1 0 0 0 0 0 0
266 272 279 287 293 301 309 314 317 323 325 324 324 319 313 306 296 285 274 260 242 227 217 212 207 205 205 205 204 207 215 224 229 232 233 226 214 198 183 173 162 152 143 133 122 111 98 82 66 49 36 27 19 14 12 11 11 14 18 24 31 36 42 49 53 56 59 60 58 54 51 50 50 53 58 64 69 74 76 77 77 71 64 56 44 28 13 5 3 1 0 0 0 0 0 0
247 253 259 264 268 273 279 283 287 296 302 304 305 303 298 292 285 275 263 251 235 219 206 198 192 189 189 189 190 194 202 211 218 221 224 224 218 206 191 177 165 156 149 140 129 115 99 80 61 44 30 20 13 10 9 8 10 14 18 24 29 35 42 49 55 58 59 59 56 54 51 49 48 50 56 62 68 73 77 80 81 74 64 57 48 36 20 7 1 0 0 0 0 0 0 0
227 234 236 238 241 243 248 252 259 268 275 279 283 283 280 277 274 265 252 239 225 209 196 188 182 179 178 177 178 183 190 198 205 211 218 222 223 217 203 187 172 162 153 142 127 111 95 76 56 41 28 18 11 8 7 7 10 15 20 24 29 35 42 48 54 58 60 59 56 54 51 47 45 47 53 60 66 71 75 79 81 75 65 58 49 36 20 8 1 0 0 0 0 0 0 0
208 212 212 212 213 214 219 223 227 235 248 259 263 264 260 259 258 250 239 227 214 199 188 180 175 172 171 169 170 175 181 188 196 204 212 218 223 225 219 201 179 166 154 140 121 104 86 70 53 39 27 18 11 7 6 7 10 15 19 23 29 36 42 48 54 59 62 62 61 58 55 50 45 44 49 57 63 66 69 72 74 72 64 56 47 34 19 6 1 0 0 0 0 0 0 0
187 188 187 188 188 188 189 193 196 202 219 232 240 241 238 237 236 230 223 215 204 192 183 175 169 166 165 166 167 170 175 181 188 196 204 211 220 225 224 210 185 166 151 134 115 97 81 66 52 38 26 17 10 6 5 6 9 14 18 22 28 36 42 49 56 62 67 70 70 68 64 57 47 42 42 47 52 56 60 63 65 64 58 49 40 30 19 8 2 0 0 0 0 0 0 0
170 169 167 166 165 165 166 168 170 174 183 194 206 212 214 216 214 210 206 202 195 188 180 172 166 162 161 162 164 166 169 174 177 184 193 204 215 221 218 209 188 164 146 128 109 93 78 64 50 36 24 14 9 7 6 6 7 12 18 21 27 36 43 50 59 66 72 78 80 77 70 60 48 39 36 39 43 46 48 50 51 51 49 42 33 24 16 9 3 0 0 0 0 0 0 0
158 154 151 149 149 150 149 147 146 149 153 160 170 180 187 192 191 188 187 187 186 184 178 171 165 160 157 158 159 160 161 163 168 174 182 194 206 211 208 198 181 157 137 120 103 88 74 61 48 35 22 13 8 6 6 5 6 11 17 21 26 33 42 50 60 68 75 83 89 87 72 56 44 37 34 35 37 39 39 39 40 41 41 35 27 18 11 6 2 0 0 0 0 0 0 0
151 144 140 137 136 135 134 131 130 131 132 135 140 149 159 167 170 169 169 172 175 177 174 169 162 156 151 151 152 151 150 149 155 161 168 179 190 197 194 184 169 146 126 110 96 84 71 59 46 34 22 13 9 7 5 4 5 9 15 21 25 31 40 50 61 73 81 86 90 86 68 49 39 35 33 34 36 37 37 35 34 35 35 30 24 14 6 3 1 0 0 0 0 0 0 0
150 142 134 127 124 122 121 119 117 118 118 119 121 126 135 144 148 149 152 157 161 164 165 161 154 147 144 144 144 142 137 133 135 143 150 159 170 175 174 166 153 135 117 102 90 79 68 58 45 33 22 14 9 6 3 2 3 6 12 20 25 30 40 52 65 79 86 87 85 78 60 41 35 34 33 34 37 38 38 35 32 31 30 27 21 11 3 0 0 0 0 0 0 0 0 0
151 143 132 124 119 114 111 109 108 108 108 109 110 112 117 123 127 131 137 143 147 148 147 143 139 136 136 138 137 134 125 117 117 123 128 131 138 146 148 145 136 123 109 95 83 72 63 55 45 34 22 14 8 4 2 1 2 4 8 16 23 31 42 54 67 80 83 81 73 62 47 36 34 35 35 37 39 40 39 35 32 29 27 23 16 8 3 0 0 0 0 0 0 0 0 0
150 142 132 124 117 112 107 104 103 103 104 104 104 105 106 109 113 119 124 129 132 131 128 124 123 126 129 131 129 123 112 100 94 97 105 111 115 121 123 122 117 109 99 86 76 67 57 50 44 35 25 15 8 3 2 1 1 1 4 10 19 30 43 56 66 73 75 71 63 51 39 33 34 38 39 41 43 42 40 37 32 28 26 21 12 6 1 0 0 0 0 0 0 0 0 0
155 145 134 126 117 110 104 101 101 101 101 101 99 100 102 103 105 107 112 116 119 118 114 111 111 115 120 121 118 111 101 87 79 78 83 88 92 93 96 101 101 96 89 79 68 60 50 44 40 34 25 17 10 4 1 1 0 0 2 6 15 25 38 52 62 68 68 63 54 44 36 32 33 37 39 38 37 37 37 35 31 26 23 18 10 3 0 0 0 0 0 0 0 0 0 0
170 155 140 130 120 110 103 100 99 99 98 98 98 98 99 99 99 100 102 106 109 109 106 104 104 105 107 109 105 99 90 79 72 70 69 70 74 77 81 86 87 84 79 70 61 53 45 39 35 31 25 19 12 5 1 0 0 0 1 3 9 16 27 44 56 62 62 56 48 41 33 30 31 33 30 24 24 26 26 26 26 22 18 11 6 1 0 0 0 0 0 0 0 0 0 0
190 169 152 139 127 116 107 101 99 98 98 98 98 98 98 98 98 98 98 99 102 103 102 101 100 98 97 96 93 88 82 74 69 68 66 66 67 67 69 74 74 71 68 62 54 46 38 32 29 27 24 20 13 5 1 0 0 0 0 1 4 9 16 32 46 52 51 45 41 38 32 28 29 27 21 16 19 21 19 18 18 18 13 8 3 0 0 0 0 0 0 0 0 0 0 0
228 189 168 151 138 127 117 108 103 99 98 98 98 98 98 98 98 98 98 98 100 101 100 100 99 96 94 91 87 83 79 74 70 68 67 66 65 64 64 65 65 63 59 54 47 39 31 26 23 22 21 19 11 4 1 0 0 0 0 0 1 4 11 20 31 36 33 28 27 29 26 24 25 22 14 8 7 6 8 14 14 13 11 7 1 0 0 0 0 0 0 0 0 0 0 0
287 237 200 174 154 142 131 120 110 103 99 98 98 98 98 98 98 98 98 98 98 100 101 101 100 98 96 94 90 85 81 78 75 73 69 68 66 64 63 63 61 58 54 47 41 34 25 20 17 17 17 16 9 2 1 0 0 0 0 0 0 2 6 11 15 16 15 13 13 15 15 17 22 20 10 4 1 0 1 5 8 7 6 4 1 0 0 0 0 0 0 0 0 0 0 0
330 294 253 209 177 159 148 136 121 111 104 99 98 98 98 98 98 98 98 98 98 100 102 104 102 101 99 97 95 91 88 84 82 81 76 73 71 69 68 66 63 59 53 44 37 30 22 16 14 13 12 12 7 2 1 0 0 0 0 0 0 0 2 4 5 6 6 5 4 5 6 9 15 15 8 2 0 0 0 0 2 3 2 1 0 0 0 0 0 0 0 0 0 0 0 0
363 334 296 249 211 185 174 163 143 125 113 104 100 99 98 98 98 98 98 98 99 102 105 107 106 104 102 100 99 97 95 93 90 90 89 85 82 80 78 75 71 65 58 49 41 33 24 15 10 8 6 6 4 2 1 0 0 0 0 0 0 0 0 1 3 3 2 1 1 2 3 6 9 10 8 3 0 0 0 0 0 0 0 0 0 0 0 0 0 0 0 0 0 0 0 0
389 362 333 296 254 220 203 189 168 148 131 116 107 101 99 98 98 98 98 99 101 104 108 110 110 109 107 105 104 103 103 102 104 104 104 101 96 93 90 86 83 77 69 59 49 39 30 19 9 4 3 3 3 2 0 0 0 0 0 0 0 0 0 0 1 1 0 0 0 0 0 2 6 7 5 2 0 0 0 0 0 0 0 0 0 0 0 0 0 0 0 0 0 0 0 0
407 385 361 335 295 259 237 216 195 171 151 133 119 110 104 100 99 99 100 102 104 106 110 113 114 115 114 112 110 110 111 113 117 120 120 119 115 108 101 96 93 88 82 72 61 52 41 28 16 6 1 1 0 0 0 0 0 0 0 0 0 0 0 0 0 0 0 0 0 0 0 0 1 1 1 0 0 0 0 0 0 0 0 0 0 0 0 0 0 0 0 0 0 0 0 0
416 402 382 363 338 307 278 249 221 191 168 152 139 129 119 111 105 103 104 106 107 107 109 111 114 116 116 115 115 116 118 119 122 124 125 123 120 114 108 104 100 95 88 79 69 60 50 39 29 19 5 0 0 0 0 0 0 0 0 0 0 0 0 0 0 0 0 0 0 0 0 0 0 0 0 0 0 0 0 0 0 0 0 0 0 0 0 0 0 0 0 0 0 0 0 0
412 403 391 379 363 339 310 281 250 217 191 175 164 153 141 131 123 120 119 118 114 111 108 107 109 111 112 112 114 117 119 120 120 120 119 117 115 114 111 107 102 96 89 82 74 66 54 45 37 29 15 2 0 0 0 0 0 0 0 0 0 0 0 0 0 0 0 0 0 0 0 0 0 0 0 0 0 0 0 0 0 0 0 0 0 0 0 0 0 0 0 0 0 0 0 0
398 393 388 382 371 356 333 306 278 247 222 201 187 179 172 162 153 148 146 140 130 121 113 106 104 103 104 105 107 111 114 115 114 110 107 104 102 102 103 102 100 95 86 79 73 68 59 48 40 30 16 5 0 0 0 0 0 0 0 0 0 0 0 0 0 0 0 0 0 0 0 0 0 0 0 0 0 0 0 0 0 0 0 0 0 0 0 0 0 0 0 0 0 0 0 0
380 377 375 373 368 362 351 328 302 280 265 247 229 216 205 192 182 177 175 169 157 143 127 113 104 99 96 95 95 98 102 104 99 95 95 92 90 89 89 88 86 84 79 74 69 66 61 50 37 24 12 4 0 0 0 0 0 0 0 0 0 0 0 0 0 0 0 0 0 0 0 0 0 0 0 0 0 0 0 0 0 0 0 0 0 0 0 0 0 0 0 0 0 0 0 0
360 358 355 354 356 359 358 347 332 319 309 299 281 262 246 227 210 204 203 197 185 172 154 133 114 103 95 89 85 84 86 88 86 83 84 81 77 72 70 71 70 69 64 61 61 60 58 46 30 17 7 2 0 0 0 0 0 0 0 0 0 0 0 0 0 0 0 0 0 0 0 0 0 0 0 0 0 0 0 0 0 0 0 0 0 0 0 0 0 0 0 0 0 0 0 0
339 335 332 332 337 347 352 352 348 341 330 323 310 295 280 261 239 230 225 219 211 201 185 163 138 119 108 96 83 74 69 67 66 66 70 69 67 62 55 52 50 48 42 41 46 50 49 38 22 11 3 0 0 0 0 0 0 0 0 0 0 0 0 0 0 0 0 0 0 0 0 0 0 0 0 0 0 0 0 0 0 0 0 0 0 0 0 0 0 0 0 0 0 0 0 0
318 309 304 305 313 328 339 345 348 348 342 333 323 311 298 281 262 252 247 241 237 227 212 193 169 149 137 118 94 73 61 55 50 50 54 56 58 54 43 34 29 25 23 23 26 30 32 25 14 7 1 0 0 0 0 0 0 0 0 0 0 0 0 0 0 0 0 0 0 0 0 0 0 0 0 0 0 0 0 0 0 0 0 0 0 0 0 0 0 0 0 0 0 0 0 0
297 286 279 279 287 303 318 327 336 342 341 335 328 318 308 296 282 274 270 265 260 253 241 225 205 182 166 146 119 88 67 55 45 40 39 41 45 44 34 24 15 9 8 9 11 13 16 15 8 2 0 0 0 0 0 0 0 0 0 0 0 0 0 0 0 0 0 0 0 0 0 0 0 0 0 0 0 0 0 0 0 0 0 0 0 0 0 0 0 0 0 0 0 0 0 0
282 270 260 257 262 277 294 305 315 325 332 333 331 325 320 312 300 294 292 287 281 274 264 250 231 208 189 171 151 122 88 65 51 38 32 32 34 33 29 21 10 4 3 4 6 8 10 8 2 0 0 0 0 0 0 0 0 0 0 0 0 0 0 0 0 0 0 0 0 0 0 0 0 0 0 0 0 0 0 0 0 0 0 0 0 0 0 0 0 0 0 0 0 0 0 0
270 256 246 241 243 254 270 282 293 306 319 326 331 332 331 326 319 314 312 306 296 287 278 266 249 226 205 190 175 155 123 93 65 44 31 25 24 25 26 23 14 5 1 1 1 3 5 2 0 0 0 0 0 0 0 0 0 0 0 0 0 0 0 0 0 0 0 0 0 0 0 0 0 0 0 0 0 0 0 0 0 0 0 0 0 0 0 0 0 0 0 0 0 0 0 0
264 249 237 229 228 235 246 257 270 285 300 313 325 334 337 334 332 330 327 321 309 296 285 274 260 238 216 202 191 177 155 130 98 61 35 23 18 17 22 24 21 11 2 0 0 0 1 0 0 0 0 0 0 0 0 0 0 0 0 0 0 0 0 0 0 0 0 0 0 0 0 0 0 0 0 0 0 0 0 0 0 0 0 0 0 0 0 0 0 0 0 0 0 0 0 0
265 247 232 222 216 217 225 236 247 260 274 292 312 327 335 337 338 341 339 331 318 301 287 275 264 246 225 208 198 187 173 154 131 92 50 27 15 10 14 18 19 15 7 1 0 0 0 0 0 0 0 0 0 0 0 0 0 0 0 0 0 0 0 0 0 0 0 0 0 0 0 0 0 0 0 0 0 0 0 0 0 0 0 0 0 0 0 0 0 0 0 0 0 0 0 0
277 254 234 221 210 204 206 213 224 236 249 269 294 314 326 335 340 344 345 337 323 304 288 277 266 251 231 212 198 187 177 164 146 116 81 51 26 11 8 10 10 11 9 4 0 0 0 0 0 0 0 0 0 0 0 0 0 0 0 0 0 0 0 0 0 0 0 0 0 0 0 0 0 0 0 0 0 0 0 0 0 0 0 0 0 0 0 0 0 0 0 0 0 0 0 0
289 265 241 222 207 195 190 194 203 213 227 247 270 292 311 326 335 340 342 338 325 305 288 277 265 252 235 216 201 186 173 162 147 126 100 73 45 20 8 6 6 8 7 4 1 0 0 0 0 0 0 0 0 0 0 0 0 0 0 0 0 0 0 0 0 0 0 0 0 0 0 0 0 0 0 0 0 0 0 0 0 0 0 0 0 0 0 0 0 0 0 0 0 0 0 0
296 268 242 220 202 189 180 177 183 192 205 223 243 266 290 308 323 330 334 334 323 303 286 274 262 249 237 219 203 187 169 155 142 125 104 79 54 30 11 4 3 4 5 2 1 0 0 0 0 0 0 0 0 0 0 0 0 0 0 0 0 0 0 0 0 0 0 0 0 0 0 0 0 0 0 0 0 0 0 0 0 0 0 0 0 0 0 0 0 0 0 0 0 0 0 0
311 271 241 218 199 185 174 166 166 173 185 202 219 239 261 285 306 318 325 327 319 301 284 271 258 244 231 216 199 185 167 149 135 118 98 75 50 29 12 4 1 0 1 0 0 0 0 0 0 0 0 0 0 0 0 0 0 0 0 0 0 0 0 0 0 0 0 0 0 0 0 0 0 0 0 0 0 0 0 0 0 0 0 0 0 0 0 0 0 0 0 0 0 0 0 0
328 284 247 220 200 183 171 163 158 161 170 183 195 209 229 259 287 304 314 320 316 300 282 267 253 238 222 208 193 179 163 144 126 108 89 69 40 19 7 2 1 0 0 0 0 0 0 0 0 0 0 0 0 0 0 0 0 0 0 0 0 0 0 0 0 0 0 0 0 0 0 0 0 0 0 0 0 0 0 0 0 0 0 0 0 0 0 0 0 0 0 0 0 0 0 0
339 299 260 227 204 186 172 162 153 151 156 164 174 186 204 229 258 283 300 310 311 301 281 263 246 229 212 199 185 171 158 141 121 100 82 63 29 7 2 2 1 0 0 0 0 0 0 0 0 0 0 0 0 0 0 0 0 0 0 0 0 0 0 0 0 0 0 0 0 0 0 0 0 0 0 0 0 0 0 0 0 0 0 0 0 0 0 0 0 0 0 0 0 0 0 0
346 309 274 241 217 199 180 164 150 143 145 150 158 168 184 204 226 250 271 285 292 292 278 257 237 219 201 187 175 162 152 139 120 98 80 55 25 5 0 1 0 0 0 0 0 0 0 0 0 0 0 0 0 0 0 0 0 0 0 0 0 0 0 0 0 0 0 0 0 0 0 0 0 0 0 0 0 0 0 0 0 0 0 0 0 0 0 0 0 0 0 0 0 0 0 0
357 321 287 256 233 213 193 171 151 140 134 135 142 151 164 180 198 214 229 247 258 267 262 242 222 204 187 173 161 150 142 133 116 95 76 39 12 3 1 0 0 0 0 0 0 0 0 0 0 0 0 0 0 0 0 0 0 0 0 0 0 0 0 0 0 0 0 0 0 0 0 0 0 0 0 0 0 0 0 0 0 0 0 0 0 0 0 0 0 0 0 0 0 0 0 0
364 335 303 270 245 224 200 176 154 140 127 124 128 134 144 157 172 186 195 209 220 230 232 218 199 184 168 156 146 136 129 120 107 85 61 29 7 2 1 0 0 0 0 0 0 0 0 0 0 0 0 0 0 0 0 0 0 0 0 0 0 0 0 0 0 0 0 0 0 0 0 0 0 0 0 0 0 0 0 0 0 0 0 0 0 0 0 0 0 0 0 0 0 0 0 0
357 349 322 288 257 233 205 177 155 140 125 115 115 119 127 138 151 161 170 178 192 200 201 192 174 158 145 135 127 121 113 102 87 67 49 25 8 2 0 0 0 0 0 0 0 0 0 0 0 0 0 0 0 0 0 0 0 0 0 0 0 0 0 0 0 0 0 0 0 0 0 0 0 0 0 0 0 0 0 0 0 0 0 0 0 0 0 0 0 0 0 0 0 0 0 0
334 341 330 303 271 242 213 183 156 139 124 109 104 106 113 123 133 141 146 150 162 172 167 159 148 134 121 112 106 99 87 76 63 48 33 14 3 0 0 0 0 0 0 0 0 0 0 0 0 0 0 0 0 0 0 0 0 0 0 0 0 0 0 0 0 0 0 0 0 0 0 0 0 0 0 0 0 0 0 0 0 0 0 0 0 0 0 0 0 0 0 0 0 0 0 0
