test_data/Askervein/Askervein_large.elevation.asc
ncols        664
nrows        660
xllcorner    58400.000000000000
yllcorner    806000.000000000000
cellsize     50.000000000000
NODATA_value  -999
[rows 365 to 437 of 660, columns 384 to 479 of 664]
5 5 4 5 5 6 6 5 4 2 2 3 4 4 3 3 2 3 4 5 6 8 10 12 12 12 12 12 12 12 13 15 18 21 23 25 27 29 32 34 35 35 37 39 40 39 39 38 39 40 42 44 46 49 51 54 58 61 66 74 84 94 105 121 131 136 148 169 188 200 206 213 225 240 248 248 245 239 228 216 202 188 176 166 157 148 137 128 116 103 95 92 87 78 68 59
8 8 7 8 8 8 7 6 5 3 2 2 3 4 4 3 2 3 4 5 5 6 7 8 10 10 11 10 9 8 9 10 13 16 20 24 27 29 33 35 36 37 38 41 41 41 40 40 40 40 41 42 45 47 50 52 55 57 61 65 72 81 95 113 122 123 131 151 170 183 192 200 211 225 235 238 238 236 230 222 212 198 185 178 171 160 147 134 122 112 108 106 103 96 88 78
10 10 9 9 9 8 7 6 5 3 2 1 2 3 4 4 3 3 4 4 5 5 5 6 7 8 8 7 6 6 6 7 9 12 17 22 27 30 32 34 37 40 41 42 43 43 43 43 43 42 42 43 45 47 48 50 52 54 56 57 61 70 87 106 113 111 114 130 149 165 177 187 198 210 220 223 223 221 219 214 206 195 187 182 174 161 145 130 118 113 113 111 109 105 98 86
10 10 9 9 9 8 8 6 5 4 3 1 2 3 4 5 5 4 4 4 4 4 4 5 5 5 5 4 4 4 4 4 6 10 15 21 26 30 32 35 39 43 45 46 46 47 47 49 49 48 46 45 45 46 47 48 49 51 52 52 55 64 82 97 102 100 102 114 134 151 163 173 183 195 204 206 203 201 200 196 187 180 176 174 168 155 138 120 109 107 108 105 104 101 93 82
11 10 9 8 9 8 8 7 6 6 5 3 3 4 4 5 6 6 6 5 5 4 4 3 2 3 4 4 3 2 2 3 5 9 13 19 25 31 35 38 43 47 49 50 51 50 51 52 52 51 50 48 46 46 47 48 48 49 50 52 56 63 76 88 93 93 96 105 121 136 148 158 169 182 189 188 184 180 176 171 164 157 156 158 154 142 127 111 100 99 97 94 91 88 81 72
11 10 9 8 9 9 8 6 6 6 6 5 5 6 6 6 7 7 7 7 6 5 3 2 2 3 3 3 2 1 1 2 4 7 12 19 27 34 40 45 49 52 54 57 57 55 53 53 53 53 51 50 48 46 47 48 49 51 54 57 62 68 75 83 89 91 95 102 113 123 134 143 155 168 175 172 168 166 160 153 146 138 137 139 136 127 115 102 93 90 87 81 76 73 67 61
10 10 9 8 7 8 7 6 6 5 5 5 6 6 6 6 7 8 8 8 8 7 5 4 4 4 3 2 1 1 0 1 3 8 13 20 27 36 45 50 54 55 58 62 63 60 57 54 54 53 52 51 49 48 50 52 54 57 62 68 74 79 83 90 93 94 96 99 106 113 123 130 139 150 157 158 157 154 147 141 134 128 127 128 124 115 104 93 85 82 78 73 67 62 56 49
9 9 8 6 5 5 6 6 4 4 5 6 6 6 6 6 7 8 9 9 9 9 8 7 6 5 4 2 1 1 0 0 2 8 13 19 27 36 46 52 55 57 60 64 65 64 60 56 54 54 53 51 50 52 57 60 62 68 77 87 95 101 109 112 109 104 99 98 100 106 116 122 129 139 145 147 147 143 137 132 126 121 122 122 117 108 97 87 79 75 73 70 65 58 50 42
9 8 8 6 3 3 4 4 3 3 4 5 6 6 6 6 6 7 9 10 10 11 10 10 9 7 5 3 1 1 1 0 2 6 11 18 25 35 44 51 54 57 60 63 65 64 61 57 55 55 54 52 52 57 63 68 74 82 92 104 114 128 138 136 128 119 108 99 98 103 112 116 122 132 140 142 139 133 127 122 115 112 115 116 114 105 94 85 76 69 67 68 66 58 49 41
8 8 7 5 3 2 3 3 2 2 3 4 5 5 5 5 5 7 9 11 11 12 12 12 10 9 7 4 3 1 1 0 1 3 8 16 24 32 39 46 51 55 58 62 64 64 61 59 58 57 56 55 57 62 69 76 83 91 100 112 129 147 155 150 141 131 118 104 100 103 107 109 112 122 132 134 129 120 113 108 102 102 107 109 106 99 89 82 75 66 63 63 61 55 48 44
8 7 6 5 3 2 2 2 1 1 2 3 3 4 4 5 5 7 10 11 13 13 12 12 11 10 10 8 5 3 1 0 1 2 5 12 21 28 35 42 48 53 57 62 64 67 67 66 65 63 62 63 66 71 77 84 92 100 108 123 144 159 163 156 147 137 125 111 104 105 105 103 104 109 116 119 112 103 97 94 91 93 98 98 94 89 83 78 73 65 61 58 55 49 45 45
7 6 5 5 3 2 1 1 1 0 1 1 2 2 3 5 6 8 10 11 12 13 13 12 11 10 11 10 8 6 3 1 0 1 2 7 14 21 29 37 45 52 58 64 68 72 75 76 74 70 71 75 78 82 87 93 101 111 122 140 161 173 172 162 150 139 129 117 108 106 103 99 95 94 99 102 97 88 83 81 82 86 89 87 83 80 77 74 70 64 60 57 52 46 41 38
5 5 4 3 2 2 1 0 0 0 0 1 1 2 3 4 5 7 8 9 9 10 11 12 12 10 11 11 10 8 5 2 0 0 1 3 8 15 24 34 43 51 59 66 71 76 81 84 82 78 81 87 91 94 98 105 113 124 139 160 180 187 183 171 159 147 136 123 112 108 102 95 87 80 80 83 81 76 72 72 75 79 80 78 75 73 72 71 67 62 58 55 50 45 38 30
4 4 3 2 1 1 1 1 0 0 0 1 1 1 2 4 5 5 6 7 7 8 9 10 11 11 10 11 10 9 6 3 0 0 1 2 5 12 21 30 40 47 55 63 71 78 83 87 87 86 91 97 101 104 108 117 127 139 156 178 194 196 190 180 172 161 146 132 120 114 107 96 82 70 66 68 69 69 66 65 67 69 71 71 71 69 68 67 64 59 54 51 48 45 37 27
3 2 2 1 0 1 2 2 1 0 1 1 0 0 1 3 4 5 6 7 7 7 7 9 11 11 10 10 9 9 7 4 2 1 1 2 4 10 17 25 33 41 48 57 68 77 84 89 90 91 96 102 109 114 122 132 142 153 170 190 204 204 197 189 182 171 156 141 132 127 120 106 88 72 62 59 60 62 61 58 57 58 61 66 67 64 62 60 56 51 49 47 45 42 34 24
2 1 0 0 0 2 3 2 1 1 1 1 0 0 1 3 5 6 6 7 7 6 6 7 9 10 9 8 8 7 7 6 4 3 2 2 3 6 11 18 26 33 41 51 63 73 81 88 92 94 100 109 120 128 138 147 156 167 183 200 210 209 204 198 188 175 162 150 143 138 129 114 97 81 67 59 56 56 55 52 50 51 53 57 59 57 54 50 45 42 42 42 40 38 30 20
0 0 0 0 1 2 2 1 1 2 1 1 1 0 2 4 5 5 6 7 6 6 5 6 7 7 6 6 6 6 6 5 4 3 2 2 2 3 6 10 17 26 36 46 58 68 76 85 91 96 104 117 131 143 153 162 171 180 194 207 214 215 213 208 198 185 172 161 152 145 134 119 105 92 78 67 62 58 53 52 52 51 50 49 48 46 43 38 34 33 34 35 34 32 25 17
0 0 0 1 1 1 1 0 1 2 1 1 1 0 2 3 4 5 6 6 6 6 5 4 4 4 4 4 5 5 4 3 3 2 1 1 0 1 4 6 11 20 30 40 51 61 71 80 88 96 108 123 138 152 167 178 186 193 204 217 225 227 226 222 213 203 190 176 165 155 144 130 116 102 89 79 73 68 61 59 58 56 53 48 43 38 34 29 28 28 28 29 28 25 18 12
1 1 1 3 3 3 1 0 0 1 1 1 1 0 1 2 3 4 5 6 6 6 5 4 3 2 2 3 3 4 3 2 1 1 1 1 1 1 2 3 6 13 22 33 43 54 65 74 83 94 109 125 142 159 178 193 204 211 218 229 238 242 240 236 228 218 205 190 177 166 154 142 129 114 101 94 87 78 73 71 69 63 56 50 43 38 33 29 27 25 23 23 21 17 12 7
1 2 3 5 5 5 4 2 0 0 0 0 0 -1 0 0 1 3 4 5 6 6 6 4 2 1 2 1 2 2 2 1 1 1 1 1 1 1 1 1 2 7 15 25 35 46 57 68 79 92 106 123 140 160 183 204 219 226 229 238 251 258 255 248 239 226 212 198 185 174 163 150 137 123 113 106 99 91 88 85 79 69 59 50 43 39 38 37 33 28 24 21 16 10 6 3
1 1 2 4 5 6 5 3 1 -1 -1 0 -1 -2 -1 -1 0 1 2 4 5 6 5 4 2 1 2 2 1 1 1 1 1 1 1 1 0 0 0 0 2 4 9 17 27 37 50 63 75 86 99 115 134 156 182 207 225 233 237 248 262 267 263 253 243 230 214 200 189 180 170 157 142 129 120 113 104 99 97 92 85 75 63 52 44 41 43 44 39 33 30 26 18 8 3 1
0 0 1 2 3 5 5 4 1 -1 0 0 0 -1 -1 -1 -1 -1 0 4 6 6 5 4 3 2 3 3 3 3 3 2 1 0 1 0 0 0 0 0 1 2 5 10 19 30 43 56 68 78 89 107 127 148 176 203 223 232 241 256 268 268 264 253 241 229 213 199 191 183 174 161 149 139 129 116 105 98 95 92 87 78 67 57 48 43 44 45 42 38 36 32 23 12 3 0
0 0 0 1 2 3 3 3 1 0 0 0 0 -1 -1 -2 -2 -2 0 4 7 7 6 6 6 5 5 5 6 8 8 7 5 2 1 1 0 0 0 0 0 1 2 5 12 21 33 47 59 69 80 99 120 141 165 191 213 224 237 252 262 262 257 248 237 224 209 197 191 184 175 164 155 148 137 121 106 96 91 88 85 78 71 64 56 48 45 46 45 43 41 39 32 20 6 0
0 0 0 1 2 2 2 2 1 0 0 0 0 -1 -1 -2 -2 0 2 5 9 10 10 10 11 11 10 9 9 11 12 12 10 7 4 2 1 0 0 0 0 0 0 1 5 12 22 35 48 58 73 91 112 133 155 177 196 207 222 235 244 247 243 237 227 214 202 193 187 181 172 165 161 155 143 126 109 98 92 87 83 81 79 75 68 59 49 48 48 48 47 46 42 29 11 1
1 1 1 3 5 4 3 2 1 1 1 1 0 0 0 -1 -2 0 3 6 10 13 15 17 18 17 15 12 11 11 12 13 13 11 8 3 2 1 0 0 0 0 0 0 1 5 12 23 36 48 66 83 102 123 142 160 173 183 201 217 225 227 226 220 211 201 192 187 179 172 163 158 158 155 145 131 115 105 100 97 91 87 88 87 80 69 58 54 54 55 53 50 46 33 13 2
2 3 3 5 7 8 7 5 3 2 1 1 0 1 1 0 -1 1 3 6 10 14 18 21 21 20 17 15 12 10 10 10 10 11 9 4 2 2 1 0 0 0 0 0 0 1 4 13 23 36 56 73 90 108 125 141 153 160 176 194 205 207 206 201 194 187 180 175 166 157 149 146 146 146 143 133 121 113 110 109 103 96 93 92 89 80 72 66 63 62 58 52 48 33 12 2
1 2 2 4 6 7 7 7 5 3 1 1 0 0 1 1 2 4 4 6 9 13 18 21 21 19 17 15 12 9 7 5 6 8 9 6 4 3 2 1 0 0 0 0 0 0 1 5 12 24 42 61 78 95 109 120 129 136 150 168 183 188 187 183 177 172 167 161 152 143 135 131 129 131 133 131 124 117 114 112 107 101 96 93 93 90 88 81 71 64 58 54 48 32 11 1
0 1 1 2 2 4 4 5 4 3 2 1 0 0 1 2 4 5 6 7 8 9 14 17 17 15 14 13 11 8 4 2 3 4 5 5 3 2 2 1 0 0 0 0 0 0 0 0 4 14 30 48 66 81 93 101 107 114 129 146 161 166 166 163 160 158 156 149 139 130 121 116 112 112 117 122 121 116 112 108 103 99 95 91 91 94 95 89 76 65 57 52 46 31 13 1
0 1 0 1 1 1 2 2 2 2 1 1 0 0 1 2 3 4 6 6 6 6 9 11 11 10 10 10 7 5 4 2 2 2 2 2 1 1 1 0 0 0 0 0 0 0 0 0 1 6 18 34 53 68 80 88 92 94 107 123 137 143 145 145 143 142 140 135 126 116 108 103 99 96 98 104 107 107 106 103 97 93 90 86 86 88 88 84 77 66 55 49 39 25 12 2
0 0 0 0 1 1 1 1 1 1 1 0 0 0 0 1 2 2 3 3 3 4 5 6 5 4 6 6 4 2 2 1 1 2 3 2 1 2 2 0 0 0 0 0 0 0 0 0 0 1 7 22 39 52 65 75 77 77 89 104 116 120 123 122 123 123 122 120 113 104 96 91 88 86 83 85 89 91 93 93 91 88 83 79 78 76 73 71 68 59 48 42 31 18 7 1
0 0 0 0 0 0 1 1 1 1 1 0 0 0 0 0 0 1 2 1 1 1 1 2 2 1 2 3 3 1 1 0 1 3 3 2 2 2 2 0 0 1 0 0 0 0 0 0 0 0 2 11 24 34 45 57 63 64 72 84 93 99 101 102 105 107 105 101 97 90 84 80 79 78 75 72 71 70 73 77 80 80 76 71 65 61 55 53 52 44 33 30 22 12 5 1
0 0 0 0 0 0 0 0 0 0 0 0 0 0 0 0 0 0 1 0 0 0 0 1 1 0 1 1 2 3 3 3 2 2 2 1 2 2 1 0 0 1 1 1 0 0 0 0 0 0 0 1 8 18 26 39 48 50 57 65 74 80 82 84 87 89 87 83 80 77 72 68 68 69 69 66 60 54 53 56 63 66 65 60 51 45 36 30 29 25 18 18 14 6 2 0
0 0 0 0 0 0 0 0 0 0 0 0 0 0 0 0 0 0 0 0 0 0 0 0 0 0 1 1 3 5 6 5 4 3 2 2 2 2 1 0 0 0 1 1 1 0 0 0 0 0 0 0 1 6 12 23 31 35 44 52 57 60 61 63 68 71 71 67 64 61 57 55 56 60 62 63 57 47 39 37 42 47 48 43 33 26 19 13 12 11 9 9 6 1 0 0
0 0 0 0 0 0 0 0 0 0 0 0 0 0 0 0 0 0 0 0 0 0 0 0 0 0 0 1 3 5 6 5 5 5 3 2 3 2 1 0 0 0 0 1 1 1 1 0 0 0 0 0 0 1 4 14 18 20 30 39 43 43 42 43 48 51 51 47 45 43 41 42 46 49 51 54 52 43 33 25 24 30 31 25 17 12 9 4 3 3 3 2 1 0 0 0
0 0 1 1 0 0 0 0 0 1 0 1 1 2 2 1 0 0 0 0 0 0 0 0 0 0 0 0 1 3 4 5 6 8 6 3 2 2 1 0 0 0 0 0 1 2 2 1 1 0 0 0 0 0 1 4 7 10 17 25 29 28 24 23 27 31 31 27 26 26 27 30 34 37 39 42 42 37 28 17 12 18 19 12 8 6 2 0 0 0 0 0 0 0 0 0
-1 0 1 1 0 0 0 0 1 0 0 1 2 5 6 2 0 0 0 0 0 0 0 0 0 0 0 1 1 1 2 3 6 9 9 6 3 2 1 1 0 0 0 1 2 5 6 4 2 0 0 0 0 0 0 0 1 4 8 13 15 14 10 9 12 15 14 12 12 12 15 19 23 25 27 29 29 25 20 12 6 9 11 6 3 1 0 0 0 0 0 0 0 0 0 0
-1 0 0 1 0 0 0 0 0 0 1 1 3 6 7 4 1 1 1 0 0 0 0 0 0 0 0 1 1 0 1 2 4 6 7 6 4 2 1 1 1 0 0 1 3 7 10 9 5 2 2 1 1 0 0 0 0 1 2 4 6 6 4 4 5 6 5 3 4 5 7 10 12 13 14 16 17 13 11 7 4 3 3 2 0 0 0 0 0 0 0 0 0 0 0 0
0 0 0 0 0 0 0 1 1 1 2 2 4 6 6 4 3 3 3 2 2 1 0 0 0 0 0 0 0 0 0 0 2 3 4 4 3 2 1 1 1 0 0 1 3 7 10 11 9 8 6 3 2 1 0 0 0 0 0 0 1 1 1 1 1 1 1 1 0 1 2 3 4 4 5 7 7 5 4 3 2 1 0 0 0 0 0 0 0 0 0 0 0 0 0 0
0 0 0 0 1 0 0 0 1 2 3 4 5 4 4 4 7 8 5 3 2 2 1 1 2 1 0 0 0 0 0 0 0 1 1 2 2 1 1 0 0 0 0 0 2 6 7 8 9 10 9 6 3 2 0 0 0 0 0 0 0 0 0 0 0 0 0 0 0 0 0 0 0 0 1 1 1 1 1 1 0 0 0 0 0 0 0 0 0 0 0 0 0 0 0 0
0 0 0 0 1 0 0 0 1 3 4 6 5 3 3 5 8 9 6 3 2 2 2 2 3 2 1 2 1 0 0 0 0 0 0 0 1 1 0 0 0 0 0 0 0 3 4 4 6 8 8 6 3 1 0 0 0 0 0 0 0 0 0 0 0 0 0 0 0 0 0 0 0 0 0 0 0 0 0 0 0 0 0 0 0 0 0 0 0 0 0 0 0 0 0 0
0 0 0 0 1 1 1 0 2 4 6 6 5 3 3 4 5 5 4 2 1 2 2 3 4 4 5 7 6 3 2 2 0 0 0 0 0 0 0 0 0 0 0 0 0 0 1 1 4 5 5 4 2 1 0 0 0 0 0 0 0 0 0 0 0 0 0 0 0 0 0 0 0 0 0 0 0 0 0 0 0 0 0 0 0 0 0 0 0 0 0 0 0 0 0 0
2 1 0 0 1 1 0 0 1 4 7 5 4 5 4 3 2 2 2 2 1 1 2 3 4 6 7 9 10 8 8 7 3 0 0 0 0 0 0 0 0 0 0 0 0 0 0 0 1 2 2 2 1 0 0 0 0 0 0 0 0 0 0 0 0 0 0 0 0 0 0 0 0 0 0 0 0 0 0 0 0 0 0 0 0 0 0 0 0 0 0 0 0 0 0 0
3 2 1 1 2 1 0 0 1 2 5 5 5 6 5 3 2 1 0 1 1 0 1 2 4 7 8 9 11 11 10 10 6 3 1 0 0 0 0 0 0 0 0 0 0 0 0 0 0 0 0 1 0 0 0 0 0 0 0 0 0 0 0 0 0 0 0 0 0 0 0 0 0 0 0 0 0 0 0 0 0 0 0 0 0 0 0 0 0 0 0 0 0 0 0 0
4 2 2 2 2 2 0 0 1 1 3 4 7 8 6 4 2 1 0 0 0 0 1 3 7 10 11 11 12 12 11 10 8 4 2 0 0 0 0 0 0 0 0 0 0 0 0 0 0 0 0 0 0 0 0 0 0 0 0 0 0 0 0 0 0 0 0 0 0 0 0 0 0 0 0 0 0 0 0 0 0 0 0 0 0 0 0 0 0 0 0 0 0 0 0 0
3 3 3 3 2 2 0 0 1 0 1 4 7 8 6 4 3 2 1 0 0 -1 1 3 7 12 14 13 13 12 10 9 7 4 1 0 0 0 0 0 0 0 0 0 0 0 0 0 0 0 0 0 0 0 0 0 0 0 0 0 0 0 0 0 0 0 0 0 0 0 0 0 0 0 0 0 0 0 0 0 0 0 0 0 0 0 0 0 0 0 0 0 0 0 0 0
2 2 2 2 1 0 0 0 1 0 0 3 5 6 6 4 3 2 2 2 1 -1 0 2 6 10 14 14 14 13 10 8 6 3 2 0 1 1 1 1 0 0 0 0 0 0 0 0 0 0 0 0 0 0 0 0 0 0 0 0 0 0 0 0 0 0 0 0 0 0 0 0 0 0 0 0 0 0 0 0 0 0 0 0 0 0 0 0 0 0 0 0 0 0 0 0
1 1 1 1 0 0 0 0 0 0 0 1 2 4 5 4 2 2 4 3 1 0 0 2 4 7 11 14 15 13 10 8 6 4 3 1 1 2 2 1 0 0 0 0 0 0 0 0 0 0 0 0 0 0 0 0 0 0 0 0 0 0 0 0 0 0 0 0 0 0 0 0 0 0 0 0 0 0 0 0 0 0 0 0 0 0 0 0 0 0 0 0 0 0 0 0
0 1 1 1 0 0 0 -1 0 0 0 0 0 1 3 2 1 1 3 2 1 1 0 1 2 4 6 10 12 11 9 8 7 5 3 2 1 1 1 0 0 0 0 0 0 0 0 0 0 0 0 0 0 0 0 0 0 0 0 0 0 0 0 0 0 0 0 0 0 0 0 0 0 0 0 0 0 0 0 0 0 0 0 0 0 0 0 0 0 0 0 0 0 0 0 0
0 0 1 1 0 0 0 0 0 0 0 0 0 0 1 1 0 1 1 1 1 0 0 0 1 2 3 6 7 6 7 8 6 4 3 2 1 0 0 0 0 0 0 0 0 0 0 0 0 0 0 0 0 0 0 0 0 0 0 0 0 0 0 0 0 0 0 0 0 0 0 0 0 0 0 0 0 0 0 0 0 0 0 0 0 0 0 0 0 0 0 0 0 0 0 0
0 0 0 -1 0 0 0 0 1 0 0 0 0 0 0 0 0 1 1 1 0 0 0 0 0 1 2 3 4 3 4 5 4 3 2 1 0 0 0 0 0 0 0 0 0 0 0 0 0 0 0 0 0 0 0 0 0 0 0 0 0 0 0 0 0 0 0 0 0 0 0 0 0 0 0 0 0 0 0 0 0 0 0 0 0 0 0 0 0 0 0 0 0 0 0 0
1 1 0 -1 0 0 -1 0 1 0 0 0 0 0 0 0 0 0 0 0 0 0 0 0 0 0 1 1 2 2 2 2 2 2 1 0 0 0 0 0 0 0 0 0 0 0 0 0 0 0 0 0 0 0 0 0 0 0 0 0 0 0 0 0 0 0 0 0 0 0 0 0 0 0 0 0 0 0 0 0 0 0 0 0 0 0 0 0 0 0 0 0 0 0 0 0
0 0 0 1 0 -1 -1 -1 0 1 0 0 0 0 0 0 0 0 0 0 0 0 0 0 0 0 0 0 0 0 0 0 0 0 0 0 0 0 0 0 0 0 0 0 0 0 0 0 0 0 0 0 1 1 1 1 0 0 0 0 1 2 1 1 0 0 0 0 0 0 0 0 0 0 0 0 0 0 0 0 0 0 0 0 0 0 0 0 0 0 0 0 0 0 0 0
0 0 0 0 0 -1 -1 -1 0 1 0 0 0 0 0 0 0 0 0 0 0 0 0 0 0 0 0 0 0 0 0 0 0 0 0 0 0 0 1 0 0 0 0 0 0 0 0 0 0 0 1 3 6 7 7 7 5 3 2 4 7 9 9 7 4 2 0 0 0 0 0 0 0 0 0 0 0 0 0 0 1 1 1 1 1 1 1 1 2 2 1 0 0 0 0 0
-1 0 0 0 -1 -1 -1 -2 -1 1 0 0 0 0 0 0 0 0 0 0 0 0 0 0 0 0 0 0 0 0 0 0 0 0 0 0 0 1 1 1 1 0 1 0 0 0 0 0 0 1 2 5 12 15 16 17 17 12 9 12 18 21 21 18 15 9 2 0 0 0 0 0 0 0 0 0 0 0 0 2 3 2 2 4 4 4 4 4 5 5 3 1 0 0 0 0
-1 -1 0 0 -1 0 0 -1 -1 1 0 0 0 0 0 0 0 0 0 0 0 0 0 0 0 0 0 0 0 0 0 0 0 0 0 0 0 0 1 3 4 3 2 2 1 1 2 2 1 1 4 9 18 23 25 27 28 23 20 25 30 33 33 29 25 17 7 1 0 0 0 0 0 0 0 0 0 0 0 3 5 6 6 7 7 8 7 7 8 8 6 4 1 0 0 0
-1 -1 0 1 1 2 1 0 0 0 1 0 0 0 0 0 0 0 0 0 0 0 0 0 0 0 0 0 0 0 0 0 0 0 0 0 0 1 3 7 10 9 6 6 7 7 10 11 7 4 9 15 24 32 36 38 36 32 31 37 42 43 41 36 33 27 16 5 1 0 0 1 2 2 1 0 1 0 0 2 4 6 7 6 7 7 7 8 8 9 9 8 4 1 0 0
-1 -1 0 2 4 4 3 1 0 0 0 1 1 0 0 0 0 0 0 0 0 0 0 0 0 0 0 0 1 0 0 0 0 0 0 0 0 1 4 10 16 19 20 18 15 16 19 21 17 12 17 23 30 38 44 46 44 40 41 49 52 49 43 39 36 33 24 12 6 5 4 6 10 11 8 8 7 4 2 1 1 2 3 4 5 4 4 4 5 7 11 11 7 2 0 0
0 0 2 4 6 7 5 3 1 0 1 2 2 2 1 0 1 0 0 0 0 0 0 0 0 0 0 1 1 0 0 0 0 0 0 0 1 1 5 12 21 29 34 33 27 23 24 27 25 22 26 32 36 41 48 52 52 50 56 61 59 54 46 41 37 34 26 18 14 14 12 15 22 24 21 21 18 14 11 9 5 2 1 1 2 2 2 2 2 4 8 9 7 3 0 0
0 2 4 7 9 10 9 8 7 5 5 7 7 6 4 1 0 1 1 1 0 0 0 0 0 0 0 1 1 0 1 1 2 1 2 2 4 7 12 18 26 35 40 41 37 33 30 31 30 30 36 41 43 45 50 56 58 61 67 69 67 60 52 45 39 34 26 19 19 22 23 27 33 36 35 33 30 27 25 23 18 10 3 1 1 0 0 0 1 3 5 5 4 2 0 0
0 3 6 10 12 15 15 16 15 12 13 15 15 12 8 4 3 2 1 1 0 0 0 0 1 1 1 0 1 1 2 4 5 5 7 8 10 17 23 27 34 41 46 47 46 43 39 35 33 36 44 50 50 49 51 57 62 67 74 77 76 69 59 51 42 33 25 21 24 30 35 38 41 45 46 45 41 36 34 30 25 20 12 6 3 1 0 0 0 1 2 2 1 0 0 0
2 4 7 13 17 22 25 26 25 22 20 23 24 19 12 7 6 4 2 1 1 1 1 1 3 2 2 2 2 2 3 6 9 11 14 15 19 26 32 36 43 48 53 56 54 51 47 42 38 42 50 55 55 54 54 58 65 73 79 83 83 77 66 56 46 33 26 26 32 39 43 44 46 50 52 52 47 41 36 32 30 27 21 15 9 5 1 0 0 0 0 0 0 0 0 0
6 8 11 17 23 29 35 36 35 31 27 28 30 26 17 11 8 6 2 2 3 3 2 2 4 5 3 3 2 2 4 8 13 16 21 24 28 34 39 42 48 54 59 63 64 59 54 48 45 47 53 58 60 59 58 59 66 76 83 87 87 82 71 60 49 37 31 34 41 45 46 47 48 50 52 52 49 43 38 34 32 31 27 21 16 10 4 1 0 0 0 0 0 0 0 0
13 14 17 24 30 36 43 45 43 39 33 32 32 30 23 14 11 9 6 7 7 5 4 4 6 8 6 5 4 4 7 12 16 20 27 33 37 42 46 47 51 56 61 66 69 67 62 56 53 53 56 60 63 63 61 60 65 74 84 89 87 81 73 63 53 46 43 45 49 51 52 51 50 50 50 51 50 46 42 39 35 32 29 24 17 12 6 1 1 0 0 0 0 0 0 0
16 19 23 31 37 42 47 50 47 43 38 35 32 30 26 19 14 13 11 11 10 7 5 5 7 8 8 6 5 7 10 14 19 23 30 38 43 48 52 54 54 56 62 67 70 71 67 63 62 61 60 61 64 66 65 62 63 70 81 87 85 79 73 65 59 56 53 53 56 59 59 57 54 52 51 51 52 50 47 44 39 33 29 24 17 12 7 2 1 0 0 0 0 0 0 0
16 20 27 35 41 46 50 53 50 46 42 37 33 29 27 21 15 14 14 13 12 9 7 6 6 7 7 6 6 8 11 14 19 24 31 39 45 51 56 58 57 57 61 68 71 72 70 71 73 71 67 63 65 68 68 66 64 66 75 84 83 78 72 67 64 64 62 59 61 64 65 64 60 57 54 52 52 50 47 44 40 32 27 22 15 11 7 3 1 1 0 0 0 0 0 0
17 21 28 36 43 48 53 55 52 48 43 38 33 27 25 20 16 14 14 13 11 9 7 5 5 5 5 5 6 8 10 13 18 24 30 37 44 51 56 58 58 59 61 66 70 72 74 79 81 81 76 68 65 66 67 67 64 65 70 80 83 82 80 77 72 70 69 66 64 67 68 69 67 61 56 51 50 48 44 42 39 32 26 21 15 10 6 3 1 1 0 0 0 0 0 0
21 23 28 34 40 46 52 54 51 48 44 39 32 25 22 19 15 13 13 12 11 10 7 5 4 5 5 5 6 7 8 12 18 25 30 36 42 48 54 56 57 59 61 64 68 72 78 83 85 84 81 72 65 60 61 63 63 63 66 75 84 88 91 89 80 76 75 72 70 70 71 73 72 66 57 51 48 45 42 41 40 36 30 25 20 14 8 5 3 1 0 0 0 0 0 0
28 29 31 34 37 42 47 50 50 48 47 42 32 24 20 18 15 13 13 13 13 11 8 5 4 5 6 6 6 6 8 12 17 24 30 35 40 45 51 54 55 57 60 62 65 71 78 83 84 83 79 73 64 57 55 57 58 57 61 73 86 92 95 94 87 82 81 80 78 75 75 77 77 72 64 54 47 43 41 41 43 42 38 33 27 21 16 11 6 2 1 0 0 0 0 0
35 36 37 37 38 41 46 49 51 49 46 40 32 26 22 20 17 14 14 14 14 12 9 7 6 5 6 7 7 6 8 12 17 23 31 36 40 44 48 51 53 55 58 61 62 66 72 77 79 79 75 68 61 56 51 49 49 50 57 73 88 95 96 96 93 89 89 90 89 84 81 82 81 77 71 64 54 45 42 42 44 45 44 40 35 29 25 19 13 7 2 0 0 0 0 0
39 40 41 42 43 46 50 55 58 54 47 39 33 30 27 24 21 17 16 16 15 15 12 10 9 7 7 7 7 7 8 12 17 23 31 38 42 45 46 47 49 51 55 57 58 59 63 68 71 72 68 61 54 51 46 41 39 42 54 69 84 93 97 97 96 94 95 96 96 93 88 86 84 81 76 72 63 52 45 44 45 46 47 46 43 37 31 25 19 13 8 3 1 1 2 2
45 44 45 46 48 51 56 61 64 60 51 43 39 37 35 33 29 24 20 18 17 17 14 14 12 10 9 10 9 8 9 12 16 23 30 36 41 45 44 44 44 47 50 51 52 51 52 57 61 62 60 54 45 42 37 31 30 36 49 63 75 86 93 95 95 95 96 98 97 97 95 90 87 85 81 76 68 60 51 47 47 49 51 51 49 45 39 32 26 21 15 9 6 7 10 9
50 49 50 52 54 57 62 67 69 66 60 54 49 46 44 44 42 37 30 25 21 19 16 15 14 12 11 11 10 9 10 12 17 23 27 32 36 39 40 39 38 40 42 44 43 41 41 45 49 52 50 45 35 29 26 23 25 33 45 54 62 72 83 87 90 92 94 96 97 98 97 93 90 88 84 78 70 64 56 51 51 53 55 57 56 53 47 41 35 30 24 18 14 15 18 19
56 56 57 58 61 65 69 73 76 75 72 67 60 55 53 52 52 49 42 34 27 24 20 17 15 14 13 12 11 10 10 13 17 21 24 27 30 32 33 32 31 32 34 34 34 31 30 33 37 39 38 33 26 22 20 19 23 30 38 42 47 55 66 73 79 84 88 92 96 97 97 96 94 90 84 77 71 65 60 57 55 56 58 59 61 59 54 48 41 36 33 28 22 20 22 23
