test_data/Askervein/Askervein_large.elevation.asc
ncols        664
nrows        660
xllcorner    58400.000000000000
yllcorner    806000.000000000000
cellsize     50.000000000000
NODATA_value  -999
[rows 219 to 291 of 660, columns 384 to 479 of 664]
0 0 0 0 0 0 0 0 0 0 0 0 0 0 0 0 0 0 0 0 0 0 0 0 0 0 0 0 0 0 0 0 0 0 0 0 0 0 0 0 0 0 0 0 0 0 0 0 0 0 0 0 1 2 3 5 8 13 15 9 3 1 0 1 4 8 10 9 8 11 17 25 34 43 48 51 57 65 79 98 118 140 162 177 189 194 189 180 175 169 158 143 126 107 87 72
0 0 0 0 0 0 0 0 0 0 0 0 0 0 0 0 0 0 0 0 0 0 0 0 0 0 0 0 0 0 1 2 3 2 1 1 1 1 1 1 1 1 1 1 0 0 0 0 0 0 0 0 1 2 3 7 11 15 20 18 11 4 1 1 3 5 7 6 5 7 11 18 24 31 38 43 47 57 70 84 102 122 142 159 174 187 190 183 175 171 162 146 128 110 92 79
1 0 0 0 0 0 0 0 0 0 0 0 0 0 0 0 0 0 0 0 0 0 0 0 0 0 0 0 0 0 3 5 7 7 5 3 3 3 4 5 3 3 3 2 1 0 0 0 0 0 0 0 0 1 3 8 12 15 18 19 17 9 2 1 2 4 4 4 3 3 7 13 19 25 33 38 42 52 62 73 89 105 120 141 160 177 187 183 171 165 158 146 131 116 99 86
1 1 1 0 0 0 0 0 0 0 0 0 0 0 0 0 0 0 0 0 0 0 0 0 0 0 0 0 0 1 4 7 10 11 9 7 7 7 8 8 6 6 7 5 2 0 0 1 1 1 1 0 0 0 3 10 13 15 17 19 19 13 5 1 1 2 1 1 1 3 7 12 17 23 31 37 40 47 53 62 75 89 104 125 148 167 178 177 165 155 150 142 131 119 107 94
1 1 1 0 0 0 0 0 0 0 0 0 0 0 0 0 0 0 0 0 0 0 0 0 0 0 1 1 1 2 4 7 9 11 10 10 10 9 10 10 9 10 10 8 3 0 0 2 4 5 2 0 0 0 4 12 16 17 19 21 22 18 10 3 2 1 0 1 1 3 7 11 17 24 32 37 37 42 45 51 64 78 93 112 134 155 167 169 159 144 138 133 126 120 113 102
1 1 1 0 0 0 0 0 0 0 0 0 0 0 0 0 0 0 0 0 0 0 0 0 1 2 3 3 3 4 6 8 9 10 10 10 10 9 10 11 12 13 13 10 5 1 0 3 7 8 5 2 1 1 6 14 20 22 22 23 24 21 15 6 3 1 0 0 1 2 5 9 15 22 31 34 34 37 40 45 56 68 84 102 122 142 156 159 150 134 125 121 117 116 113 104
2 3 2 1 0 0 0 0 0 0 1 2 2 1 0 0 0 0 0 0 0 0 0 1 4 6 7 7 7 8 10 12 12 11 10 8 8 7 7 10 12 14 13 11 7 1 0 3 8 12 13 9 6 5 5 13 21 24 24 24 24 21 16 8 3 1 1 1 0 1 2 6 11 18 27 32 32 32 35 41 49 59 74 94 114 130 141 147 140 125 113 109 107 108 109 102
3 4 4 2 1 1 1 0 0 0 1 2 3 3 1 0 0 0 0 0 0 0 0 2 6 8 9 9 9 11 13 15 16 16 14 10 6 5 5 7 10 12 10 8 6 1 0 4 10 17 22 22 20 15 9 11 19 23 23 23 22 20 15 9 3 3 6 5 2 2 2 3 6 12 21 28 26 25 29 37 44 52 67 86 103 116 126 132 129 117 102 96 96 99 101 97
3 4 5 3 2 2 1 1 0 0 1 1 2 3 4 2 0 0 0 0 0 0 0 3 6 8 8 9 10 13 15 17 19 20 19 13 6 3 3 4 6 7 6 5 4 1 0 5 11 18 26 30 30 25 16 11 15 19 21 21 20 19 17 12 9 12 17 14 7 3 3 2 3 7 14 19 18 18 24 34 41 45 59 78 93 104 113 115 115 109 94 84 84 89 91 90
4 5 6 4 2 2 1 0 0 0 1 1 1 3 7 5 1 0 0 0 0 0 0 2 4 5 6 8 10 13 16 19 22 23 22 16 9 5 3 3 3 4 3 3 2 0 0 4 9 15 24 30 32 30 22 13 12 16 18 20 21 22 22 20 18 22 30 29 19 9 5 4 3 5 9 12 10 14 24 34 38 42 53 70 84 96 101 101 102 99 85 74 72 79 81 80
9 11 12 10 6 3 1 1 0 0 1 1 1 4 9 11 9 5 3 1 1 1 0 1 2 3 5 7 8 10 15 20 24 26 24 19 14 8 4 3 4 4 2 2 1 0 0 2 5 11 19 26 30 30 25 18 13 14 16 20 23 26 30 30 26 30 41 48 41 26 15 11 9 8 9 7 7 14 26 35 38 41 48 61 76 90 94 92 91 87 77 68 63 67 70 70
18 21 22 18 11 6 2 1 0 1 2 3 4 5 8 13 15 12 7 3 2 2 1 1 2 2 3 4 5 7 11 18 24 26 25 22 18 12 6 5 6 5 3 1 0 0 0 1 2 7 14 21 25 26 23 20 15 12 12 17 23 30 39 41 37 36 48 61 63 50 35 24 19 16 12 7 5 14 25 34 37 40 45 56 72 87 90 87 83 80 76 71 60 56 58 60
29 34 33 26 17 8 2 1 1 2 6 10 11 10 10 12 14 13 10 7 5 3 1 1 1 1 1 1 2 3 8 16 23 26 25 23 19 14 9 8 9 8 5 2 0 0 0 0 1 4 9 13 16 17 16 16 14 10 8 12 20 31 43 49 48 47 55 68 76 72 57 38 28 24 19 10 5 11 23 32 37 40 43 53 70 85 89 85 80 80 82 78 60 46 46 48
44 46 43 36 25 12 4 2 2 5 11 16 17 15 13 13 13 13 14 14 12 7 4 2 2 1 1 0 -1 1 5 12 20 26 27 23 20 15 12 12 15 13 8 3 1 0 0 0 0 1 4 6 9 9 8 9 9 7 5 7 15 28 41 50 54 58 63 71 79 79 68 51 34 27 22 13 5 8 18 30 35 36 39 49 68 82 82 77 76 80 85 77 54 35 34 34
59 58 55 48 38 24 14 9 10 12 17 19 20 19 17 17 17 15 17 21 22 18 13 9 7 7 6 4 2 1 4 9 18 25 27 24 22 17 14 15 19 18 10 4 2 1 0 0 0 0 0 2 3 3 3 3 4 4 3 4 10 22 34 45 55 63 68 70 73 72 66 56 37 23 18 10 4 5 12 23 28 28 31 44 64 71 57 50 59 70 78 72 46 25 21 24
74 75 74 67 55 40 27 18 18 20 23 24 24 23 22 22 23 22 22 26 31 29 23 20 17 16 15 12 9 6 5 9 18 24 25 23 21 18 15 17 21 20 11 4 2 1 1 0 0 0 0 0 0 0 0 0 0 0 1 2 5 13 23 35 49 62 68 65 64 62 57 51 38 20 10 6 3 2 6 13 17 15 17 32 50 51 34 27 37 54 63 60 39 21 14 15
95 97 97 89 76 60 42 30 28 30 32 33 35 36 35 33 33 32 31 33 37 36 32 31 30 28 27 23 18 14 12 15 22 27 26 23 19 16 14 16 20 19 12 4 2 2 3 2 0 0 0 0 0 0 0 0 0 0 0 0 1 5 12 22 37 53 62 60 56 52 47 42 31 15 6 3 1 0 3 6 7 6 8 17 26 30 32 35 40 44 46 44 33 19 8 5
117 118 118 113 102 87 65 48 43 45 48 53 59 59 55 49 45 42 39 39 41 42 41 42 41 40 39 37 33 27 23 26 32 37 36 31 23 16 12 13 15 14 9 4 3 5 7 7 4 2 0 0 0 0 0 0 0 0 0 0 0 0 3 12 24 38 49 54 52 44 39 31 18 8 3 1 0 0 1 3 3 3 6 14 22 27 29 36 40 34 33 32 24 11 2 0
135 137 137 132 125 113 95 76 65 66 72 79 83 80 71 62 56 50 45 42 43 44 44 47 49 50 48 46 45 40 35 37 45 50 49 43 33 22 15 12 13 11 7 5 4 6 10 12 12 9 5 3 1 0 0 0 0 0 0 0 0 0 0 5 14 23 33 42 43 35 29 22 11 4 1 0 0 0 0 1 1 1 3 12 25 25 17 17 19 17 19 18 11 3 0 0
146 150 148 144 141 135 123 107 93 90 98 103 102 97 87 77 67 58 51 44 42 43 44 48 53 55 54 52 51 47 45 47 53 59 59 54 44 33 26 22 19 15 11 7 6 11 13 13 13 10 8 7 4 2 1 0 0 0 0 0 0 0 0 0 4 11 20 27 30 25 20 16 9 3 0 0 0 0 0 0 0 0 1 4 9 10 4 4 5 3 4 4 1 0 0 0
147 155 157 157 155 151 142 130 116 113 122 124 119 112 100 90 77 65 56 49 45 43 43 47 54 57 57 56 55 54 54 57 60 63 65 63 54 43 37 35 30 23 16 11 12 20 21 16 11 7 6 6 4 3 1 0 0 0 0 0 0 0 0 0 0 2 8 14 20 17 11 9 8 3 0 0 0 0 0 0 0 0 0 0 1 1 1 1 0 0 0 0 0 0 0 0
145 159 165 167 166 162 156 148 139 134 138 137 131 120 109 98 86 73 62 54 49 45 43 46 53 57 58 57 57 58 62 66 68 69 71 70 62 52 45 43 40 32 20 14 16 23 24 18 10 4 3 3 2 1 1 0 0 0 0 0 0 0 0 0 0 0 1 3 6 6 5 4 5 4 2 0 0 0 0 0 0 0 0 0 0 0 0 0 0 0 0 0 0 0 0 0
141 158 169 174 174 172 168 163 156 149 147 145 138 128 115 104 92 79 68 59 53 48 44 45 49 54 56 56 56 60 65 70 75 78 78 74 68 59 52 49 46 38 25 17 19 24 22 15 8 3 1 0 0 0 0 0 0 0 0 0 0 0 0 0 0 0 0 0 0 0 1 1 2 3 1 0 0 0 0 0 0 0 0 0 0 0 0 0 0 0 0 0 0 0 0 0
136 153 167 176 180 180 177 173 169 160 153 149 143 133 122 110 98 85 73 64 57 51 46 45 46 49 51 53 55 60 65 71 78 84 85 79 70 63 57 52 47 38 26 20 24 26 21 12 5 2 0 0 0 0 0 0 0 0 0 0 0 0 0 0 0 0 0 0 0 0 0 0 0 1 0 0 0 0 0 0 0 0 0 0 0 0 0 0 0 0 0 0 0 0 0 0
129 147 163 174 182 187 185 180 178 170 158 151 145 138 128 115 102 88 77 69 62 55 49 46 46 46 48 51 55 61 68 73 78 84 85 81 73 64 59 54 47 37 26 23 28 29 23 13 5 1 0 0 0 0 0 0 0 0 0 0 0 0 0 0 0 0 0 0 0 0 0 0 0 0 0 0 0 0 0 0 0 0 0 0 0 0 0 0 0 0 0 0 0 0 0 0
122 142 159 173 184 189 187 184 183 176 163 154 148 142 133 119 104 90 80 74 69 61 53 49 48 47 48 52 58 65 72 74 78 80 80 77 71 62 56 51 44 34 24 23 28 26 21 13 5 1 0 0 0 0 0 0 0 0 0 0 0 0 0 0 0 0 0 0 0 0 0 0 0 0 0 0 0 0 0 0 0 0 0 0 0 0 0 0 0 0 0 0 0 0 0 0
112 133 153 169 181 186 187 187 184 177 165 156 150 145 136 123 107 92 83 77 72 65 57 53 51 50 49 53 62 71 75 75 76 77 75 72 66 57 51 46 39 29 22 23 26 24 20 17 13 9 3 1 0 0 0 0 0 0 0 0 0 0 0 0 0 0 0 0 0 0 0 0 0 0 0 0 0 0 0 0 0 0 0 0 0 0 0 0 0 0 0 0 0 0 0 0
104 124 145 161 173 180 185 187 184 177 167 157 151 146 137 126 111 96 86 79 72 65 59 55 53 53 52 53 62 74 77 75 75 75 72 68 63 55 49 43 36 29 25 27 33 35 32 29 26 21 12 6 2 0 0 0 0 0 0 0 0 0 0 0 0 0 0 0 0 0 0 0 0 0 0 0 0 0 0 0 0 0 0 0 0 0 0 0 0 0 0 0 0 0 0 0
96 114 131 148 162 173 181 185 185 178 170 161 152 144 135 126 113 100 90 82 74 66 59 56 55 58 59 56 61 71 76 76 76 77 74 69 63 56 51 45 39 33 31 37 46 48 46 39 33 27 17 7 2 0 0 0 0 0 0 0 0 0 0 0 0 0 0 0 0 0 0 0 0 0 0 0 0 0 0 0 0 0 0 0 0 0 0 0 0 0 0 0 0 0 0 0
86 103 119 135 151 164 175 182 184 179 171 162 152 141 132 125 116 106 96 87 78 68 61 58 60 65 66 62 60 66 72 77 82 85 82 76 69 62 56 52 47 42 39 45 52 52 49 41 31 23 13 5 1 0 0 0 0 0 0 0 0 0 0 0 0 0 0 0 0 0 0 0 0 0 0 0 0 0 0 0 0 0 0 0 0 0 0 0 0 0 0 0 0 0 0 0
78 94 108 124 141 155 166 174 178 175 166 157 147 136 130 126 120 112 103 94 83 72 66 64 66 71 71 66 60 63 71 81 90 95 92 87 82 74 69 65 57 50 48 52 55 51 43 33 23 14 7 3 1 0 0 0 0 0 0 0 0 0 0 0 0 0 0 0 0 0 0 0 0 0 0 0 0 0 0 0 0 0 0 0 0 0 0 0 0 0 0 0 0 0 0 0
72 87 100 116 132 145 156 163 166 163 156 148 139 131 126 126 123 117 109 99 86 75 70 68 69 72 71 66 61 63 72 83 95 102 100 97 92 84 79 75 63 52 50 53 53 45 35 22 12 6 3 2 0 0 0 0 0 0 0 0 0 0 0 0 0 0 0 0 0 0 0 0 0 0 0 0 0 0 0 0 0 0 0 0 0 0 0 0 0 0 0 0 0 0 0 0
69 81 95 108 122 133 143 149 152 149 144 139 131 123 121 123 123 118 110 98 85 76 72 70 69 69 68 64 61 63 70 82 96 105 106 104 99 87 79 74 64 53 49 50 50 43 31 17 10 4 2 1 0 0 0 0 0 0 0 0 0 0 0 0 0 0 0 0 0 0 0 0 0 0 0 0 0 0 0 0 0 0 0 0 0 0 0 0 0 0 0 0 0 0 0 0
67 77 90 101 111 121 129 135 136 132 129 128 122 117 115 118 118 113 104 92 82 76 72 69 67 67 67 67 66 67 72 82 94 105 110 109 102 90 79 73 69 64 60 57 54 49 37 24 17 9 3 1 0 0 0 0 0 0 0 0 0 0 0 0 0 0 0 0 0 0 0 0 0 0 0 0 0 0 0 0 0 0 0 0 0 0 0 0 0 0 0 0 0 0 0 0
65 74 87 96 102 109 115 119 119 116 116 117 114 111 109 109 110 105 96 86 79 77 74 71 69 69 72 73 74 75 77 82 92 102 111 112 107 100 92 85 85 87 82 73 65 62 55 42 30 19 9 4 2 1 0 0 0 0 0 0 0 0 0 0 0 0 0 0 0 0 0 0 0 0 0 0 0 0 0 0 0 0 0 0 0 0 0 0 0 0 0 0 0 0 0 0
63 72 83 90 94 98 102 106 106 105 106 107 106 104 102 102 102 99 92 85 83 83 82 80 77 76 77 80 82 84 84 85 92 103 113 120 121 119 113 105 104 107 104 96 88 87 80 64 46 34 24 15 8 5 3 2 1 1 0 0 0 0 0 0 0 0 0 0 0 0 0 0 0 0 0 0 0 0 0 0 0 0 0 0 0 0 0 0 0 0 0 0 0 0 0 0
61 69 78 83 86 88 91 93 94 97 99 101 101 101 100 100 100 99 96 93 93 92 90 89 87 85 86 88 91 93 94 95 101 112 123 132 136 135 130 123 122 125 124 120 116 112 101 86 70 55 45 33 18 11 9 8 5 3 2 1 0 0 0 0 0 0 0 0 0 0 0 0 0 0 0 0 1 0 0 1 1 2 1 0 0 0 0 0 0 0 0 0 0 0 0 0
62 68 74 78 79 80 82 84 87 92 96 99 102 103 105 107 108 108 106 106 104 103 101 101 101 100 99 98 100 105 112 117 121 125 133 142 146 144 141 136 136 139 138 137 133 128 118 107 94 75 59 45 31 23 21 20 16 11 5 3 1 0 0 0 0 0 0 0 0 0 0 0 1 3 3 5 7 6 5 4 6 7 5 2 0 0 0 0 0 0 0 0 0 0 0 0
68 71 75 77 78 79 80 83 87 92 98 105 113 119 123 127 129 130 128 124 120 119 119 119 121 124 125 121 119 125 133 138 138 137 140 147 150 149 147 143 146 150 150 146 141 135 127 120 110 93 74 59 48 40 33 30 27 21 12 5 1 1 0 0 0 0 0 0 0 2 3 5 9 12 12 17 23 24 20 15 15 16 13 6 2 0 0 0 0 0 0 0 0 0 0 0
76 79 81 82 82 82 85 88 92 99 107 119 133 146 154 158 160 158 155 145 137 138 142 143 144 147 151 151 149 148 154 158 154 147 145 148 151 150 149 151 157 161 159 152 144 138 132 127 120 110 94 77 65 54 44 39 36 30 20 12 6 3 2 1 2 3 2 2 4 10 18 24 27 27 29 36 45 49 40 28 25 25 20 13 6 1 0 0 0 0 0 0 0 0 0 0
82 85 88 90 89 90 93 96 101 108 120 137 156 171 179 183 181 178 174 165 156 157 161 162 163 165 169 173 176 175 176 175 167 156 150 149 150 149 147 151 161 165 160 152 147 143 139 134 126 116 104 90 78 65 54 49 44 37 28 21 14 8 4 5 12 18 18 16 18 26 37 44 45 42 43 50 60 65 55 37 32 31 26 19 12 3 0 0 0 1 2 0 0 0 0 0
88 93 97 99 100 102 106 111 115 122 134 151 170 186 195 197 196 195 192 187 178 174 175 176 179 182 188 193 197 198 196 188 178 167 158 151 146 143 141 145 155 159 156 150 146 145 144 140 132 121 110 99 86 72 60 54 49 42 33 27 22 16 16 22 34 47 53 55 53 52 55 60 61 57 54 58 65 69 62 46 38 37 32 23 17 7 1 0 1 4 4 1 0 0 0 0
96 101 106 110 114 120 127 132 136 139 146 161 180 195 205 210 211 211 207 203 197 191 189 190 195 201 206 211 214 214 210 200 187 176 166 155 144 137 133 133 143 149 149 146 144 145 144 140 134 126 116 107 97 81 66 56 53 50 46 43 40 39 43 53 65 75 82 88 89 86 79 75 72 67 63 63 66 70 66 52 42 40 37 26 18 10 2 0 1 4 4 2 0 0 0 0
105 111 117 124 130 140 150 156 161 162 162 173 187 200 210 217 221 221 218 216 213 207 206 207 211 217 220 222 225 223 216 205 190 180 171 161 149 137 127 124 130 137 139 139 141 143 143 139 133 125 119 112 105 91 74 64 63 67 70 71 71 72 76 84 92 97 103 110 117 116 106 92 81 74 69 66 68 71 67 53 44 43 40 30 20 11 3 0 1 3 4 2 0 0 0 0
115 124 133 141 148 160 173 184 190 189 185 187 194 204 213 220 226 226 225 224 224 221 224 225 226 228 228 228 230 227 218 204 189 178 171 162 149 136 124 115 118 124 129 133 137 139 139 137 132 124 118 112 107 96 80 72 75 83 89 91 92 94 100 108 115 118 120 126 132 133 128 115 101 89 78 71 70 72 67 57 48 45 41 32 20 10 3 0 1 3 3 1 0 0 0 0
125 138 149 156 164 178 194 207 214 214 208 204 204 211 217 222 225 227 228 229 230 229 231 232 233 234 232 230 229 226 216 198 182 172 167 157 144 130 117 108 108 115 122 127 131 132 132 130 128 122 115 109 102 93 82 78 82 90 96 100 104 108 116 123 128 131 131 136 143 148 146 135 121 108 93 81 78 76 68 61 53 48 43 33 19 9 3 0 1 2 2 1 0 0 0 0
133 148 160 168 177 190 206 218 228 232 228 220 215 216 221 226 228 230 231 232 233 232 231 232 234 236 235 232 227 222 211 191 173 165 159 149 136 124 112 103 101 107 113 118 122 124 123 123 121 117 109 103 96 89 81 79 84 91 100 108 113 117 125 132 137 140 140 144 152 158 158 149 138 126 112 100 96 87 74 65 56 50 47 38 24 12 4 0 0 1 1 1 0 0 0 0
140 157 170 178 186 198 211 225 236 241 239 232 224 219 224 231 235 239 240 238 235 232 229 228 230 232 234 232 226 218 206 184 165 156 150 140 130 121 110 101 100 104 109 111 113 113 113 114 114 109 101 96 92 87 81 80 83 91 102 111 117 123 131 139 145 148 149 152 159 166 167 161 153 142 129 118 112 103 91 76 62 52 48 42 29 15 5 1 0 1 1 0 0 0 0 0
145 161 175 185 191 199 212 226 238 244 244 239 232 225 226 233 240 246 248 245 240 232 225 223 223 225 226 226 221 212 201 181 160 149 140 130 124 118 109 102 101 106 109 106 103 102 103 105 106 102 94 89 88 86 82 80 83 90 100 109 117 126 135 144 150 154 156 158 164 170 173 170 164 152 138 130 125 117 105 90 73 60 49 39 25 13 6 1 0 1 1 0 0 0 0 0
147 163 178 188 190 196 207 220 233 240 243 240 234 229 228 233 241 247 250 248 243 234 224 218 215 214 215 213 209 203 194 180 162 145 132 123 119 114 105 100 102 106 107 101 95 93 94 95 97 95 89 86 87 86 82 79 81 87 95 105 116 126 136 145 151 156 161 163 165 170 173 173 169 158 143 137 132 124 111 96 80 64 49 36 21 9 4 1 0 1 1 0 0 0 0 0
147 163 177 185 185 188 198 210 223 232 236 235 231 228 229 233 239 245 247 246 242 233 223 216 211 207 205 202 198 191 184 174 162 143 127 118 114 108 99 96 99 103 101 95 89 85 84 87 89 89 86 85 87 85 81 76 78 83 90 102 114 123 133 142 148 154 161 163 162 164 167 166 163 155 142 135 130 122 110 94 79 62 47 36 23 13 7 3 3 5 6 3 1 0 0 0
144 160 172 177 175 178 186 197 210 220 223 224 224 226 230 233 238 242 243 240 235 227 218 212 208 202 196 192 188 180 173 165 155 141 125 115 108 100 93 92 93 94 93 88 83 79 78 80 83 84 83 84 85 83 79 75 75 78 86 98 110 118 126 134 142 148 154 157 157 156 158 156 153 146 136 130 126 120 110 96 82 69 57 47 38 31 26 18 14 13 11 7 2 0 0 0
138 153 164 167 165 168 175 183 195 204 208 212 217 223 229 234 237 237 236 233 227 219 211 205 201 196 190 186 181 172 164 154 146 137 125 115 105 94 88 87 85 84 83 81 79 77 75 75 78 80 81 83 83 80 77 74 75 77 83 94 103 110 116 125 133 139 143 147 148 147 146 147 147 143 135 131 129 125 117 106 93 83 74 64 57 51 48 43 35 24 14 8 3 0 0 0
130 143 152 154 153 156 162 170 180 187 192 199 209 218 225 231 233 231 228 224 218 210 202 197 193 189 185 181 174 165 156 146 138 131 123 116 105 91 86 85 80 77 76 75 76 75 74 73 75 77 79 81 80 77 75 74 76 77 80 87 94 99 105 115 123 128 131 134 136 135 136 142 149 150 144 137 132 124 117 108 97 87 79 71 65 61 60 57 49 36 23 15 7 1 1 0
119 130 137 140 141 142 149 157 164 170 177 188 200 212 222 227 228 226 223 217 211 203 195 188 184 181 177 174 169 160 150 140 131 124 116 110 101 88 85 84 78 74 73 73 73 73 73 73 73 74 76 77 77 75 74 74 76 77 77 80 84 89 94 102 111 116 118 121 124 124 128 140 151 153 146 136 129 118 110 103 95 87 79 74 71 67 64 60 53 43 34 26 14 3 3 5
108 117 124 128 128 129 136 143 148 155 166 180 193 206 216 222 223 223 220 214 206 196 187 179 174 171 168 166 161 153 143 134 124 115 107 100 92 83 82 82 77 73 72 72 72 72 72 72 72 73 74 74 73 73 74 74 75 75 75 75 77 80 84 90 98 104 108 111 113 114 122 136 145 146 139 130 122 113 105 99 94 88 83 78 75 70 66 60 52 46 40 32 18 7 8 10
98 104 110 114 115 117 124 130 135 143 157 173 185 197 208 215 218 218 216 212 203 190 179 170 163 159 155 154 151 144 136 126 115 107 98 89 82 77 77 78 76 73 72 72 72 72 72 72 72 72 72 72 72 73 74 74 74 74 73 73 73 75 77 81 86 92 95 99 101 107 122 133 136 135 130 123 117 109 101 97 95 92 86 80 73 68 63 57 52 49 46 38 23 15 17 14
86 92 97 101 104 107 112 118 125 135 149 164 176 188 199 207 210 211 210 206 198 186 172 160 151 144 141 141 141 135 127 117 108 99 89 81 76 74 74 75 74 74 74 74 73 72 72 72 72 72 72 72 74 75 75 75 74 73 73 73 72 73 75 76 77 80 83 87 92 105 124 132 130 126 122 117 113 104 97 94 94 91 84 77 69 62 58 55 54 55 51 41 27 22 27 23
76 83 86 90 95 97 101 108 117 129 142 154 167 180 190 196 200 202 201 196 189 180 167 153 141 132 127 126 128 125 117 109 101 92 83 77 74 72 72 72 73 74 75 74 73 72 72 72 72 72 72 73 74 76 78 77 75 73 73 73 72 73 74 74 74 74 77 80 86 102 120 129 126 119 113 109 105 98 90 88 88 86 79 72 66 62 58 56 57 58 52 41 28 27 33 29
67 74 78 83 87 89 92 99 109 120 131 142 154 169 178 182 186 189 189 184 177 171 160 146 133 122 113 112 114 112 107 101 93 85 78 75 74 72 72 73 73 74 74 73 73 72 72 72 72 72 72 73 73 74 78 78 75 73 72 72 72 72 74 74 73 73 74 75 84 98 111 120 119 111 103 98 95 89 83 80 80 79 76 73 72 69 64 60 59 59 53 43 32 31 33 27
61 66 71 75 79 81 85 92 102 111 119 129 141 155 164 166 170 174 175 171 164 158 149 138 126 115 104 99 100 99 95 91 85 79 76 74 74 75 76 76 75 74 72 72 72 72 72 72 72 72 72 72 72 73 76 76 74 72 71 71 71 72 73 73 73 73 72 75 84 95 103 108 108 100 92 88 85 81 77 73 74 76 77 79 80 77 70 64 62 61 54 44 37 35 28 19
58 60 65 68 72 75 79 86 95 102 106 114 126 138 147 150 154 157 159 157 149 142 136 129 121 110 98 90 88 87 85 81 78 76 76 76 78 82 84 82 80 77 74 74 74 73 73 73 73 73 73 72 72 72 73 74 72 71 71 71 72 72 72 74 75 74 72 76 84 92 99 104 101 92 84 77 75 73 72 70 71 75 79 81 82 80 73 67 65 64 57 47 42 40 28 15
56 57 60 63 67 71 73 79 87 93 95 101 112 122 129 133 136 140 142 143 137 128 123 118 113 105 94 86 81 79 77 75 74 75 77 81 87 95 99 96 94 91 86 82 80 78 79 81 82 82 80 76 74 73 73 73 72 72 72 72 73 73 73 75 76 75 73 75 82 89 97 104 101 90 80 72 68 67 68 67 67 71 74 77 79 78 74 71 70 68 63 52 44 39 26 11
55 56 58 60 64 67 69 72 79 84 87 91 98 106 113 117 120 123 126 128 125 117 109 105 104 101 91 82 77 74 72 72 74 77 83 92 104 116 120 116 110 105 100 94 90 89 92 97 100 98 92 87 83 78 75 74 73 72 72 73 73 73 73 74 74 74 73 73 78 85 93 101 100 91 81 74 69 66 66 64 62 64 67 70 73 74 74 74 73 69 63 53 42 34 19 6
55 56 57 59 61 63 65 66 70 75 78 82 87 93 100 104 106 109 112 114 113 107 99 94 94 93 87 80 75 71 70 72 75 83 95 109 124 134 135 132 127 123 119 112 106 103 105 110 114 112 106 101 96 90 83 79 76 74 74 74 73 72 73 73 73 73 73 73 75 80 87 94 96 91 83 80 79 76 73 68 63 60 61 63 66 68 70 71 71 66 59 48 33 23 12 4
53 54 56 58 59 60 59 58 61 65 69 74 78 83 87 91 94 96 99 101 101 97 90 85 84 84 82 77 73 69 71 76 84 96 112 126 139 147 148 148 148 147 141 135 127 123 121 122 123 124 120 116 109 103 98 90 83 78 78 79 78 74 73 73 74 74 73 73 73 76 81 89 92 91 89 91 95 95 89 80 72 65 64 67 69 66 63 63 63 59 53 41 25 15 7 2
51 52 53 55 57 57 56 54 55 58 61 64 68 73 77 81 83 85 87 89 89 87 83 79 77 77 76 73 70 70 76 85 96 111 126 140 151 159 162 165 166 167 163 159 153 147 141 136 133 133 130 125 119 113 109 104 94 85 83 85 88 83 79 77 76 75 74 73 72 74 78 86 91 96 102 108 113 113 108 98 87 83 87 91 90 78 66 60 57 52 41 28 17 11 4 0
49 49 50 52 54 54 54 52 52 53 55 57 60 64 69 71 73 75 77 78 78 78 76 73 71 70 70 69 68 73 82 94 107 121 136 151 159 165 171 176 179 181 179 177 172 166 158 151 145 142 138 133 127 121 118 116 108 98 91 92 97 96 92 87 82 78 75 73 72 73 78 86 95 105 115 122 128 129 126 121 113 111 115 115 110 96 81 70 61 51 37 21 10 6 2 0
47 48 48 49 49 50 51 51 50 51 53 54 55 57 60 63 65 66 68 69 69 69 68 67 66 66 65 67 70 76 85 97 111 125 141 155 163 167 174 180 184 187 188 189 188 183 175 165 157 151 148 143 138 134 130 126 120 112 105 103 106 107 104 99 92 86 82 78 75 77 84 96 108 118 126 135 145 149 149 144 136 131 130 127 120 108 93 79 69 58 43 22 8 3 0 0
45 45 46 46 46 47 49 50 50 51 52 53 54 54 54 56 58 59 61 61 61 62 62 62 61 62 64 68 74 79 87 98 111 126 141 153 162 166 174 182 187 190 193 198 201 199 194 184 175 169 164 158 152 149 144 138 132 127 123 118 117 116 114 112 108 105 101 95 90 89 98 113 128 138 145 154 164 171 171 163 153 143 136 130 121 111 99 85 72 61 48 25 8 2 0 0
42 42 44 45 46 47 49 50 50 51 52 53 53 53 53 53 54 56 56 56 57 57 58 58 59 61 65 70 76 82 89 98 109 123 136 146 154 161 170 179 186 190 195 202 208 210 210 205 197 189 182 177 172 168 164 157 150 145 140 134 130 130 131 131 129 130 131 125 119 118 122 132 146 158 167 176 183 187 182 173 162 151 139 129 120 111 101 89 76 61 46 25 8 1 0 0
40 42 44 47 49 49 51 51 51 52 53 54 53 53 54 55 56 56 56 55 55 56 56 58 60 63 67 72 78 85 93 99 108 120 130 138 146 153 162 172 181 186 193 203 211 217 222 222 217 208 200 197 195 191 185 178 171 165 159 155 152 152 156 156 153 153 158 160 157 155 152 152 162 176 188 198 201 197 187 175 164 154 141 130 122 111 100 89 77 63 43 22 6 1 0 0
42 45 47 49 52 52 54 55 55 55 56 57 57 57 58 58 58 59 59 58 57 57 58 59 62 65 69 73 78 85 92 99 106 115 122 129 137 146 155 165 174 182 191 202 212 221 229 235 235 231 223 218 215 211 207 204 198 191 185 181 177 176 181 184 184 182 184 187 186 181 177 176 183 194 204 210 210 203 193 180 168 156 141 128 119 109 97 86 74 59 39 17 4 0 0 0
